(2, 1000)
(2, 1000)
[ 0.32814923 -0.34760028  0.49423996 -0.42129928  0.3007847  -0.13564883
 -0.10433535  0.5766109   0.08735675  0.8130492  -0.19462194 -0.04765931
 -0.08569899 -0.8232561  -0.33380032 -0.19956693 -0.24772397 -0.10849996
  0.44854474  0.34851965 -0.20287253  0.07042596  0.7327174   0.4859379
 -0.9006894   0.00801494  0.24317853 -0.18916562 -0.19165012  0.27392673
  0.13651429 -0.2838535  -0.01378268  0.05191323 -0.629144   -0.20289023
 -0.05407309 -0.94969004  0.5193299  -0.50390464 -0.00656617 -0.32796714
  0.032067   -0.0161783  -0.24781623 -0.14392474  0.23746243 -0.595771
  0.05319463 -0.09764417 -0.3300479   0.02523594 -0.4970419  -0.00581253
  0.41799423  0.24307296  0.4032772   0.32016593  0.21171407 -0.91084033
 -0.24426758  0.07552448 -0.33093894  0.5496054  -0.61382425 -0.32585758
  0.22659089 -0.05592908  0.3983963   0.40160817 -0.4147263  -0.23084992
 -0.08307967  0.7325705   0.2845086   0.05370465 -0.18925752  0.9382849
 -0.09789631 -0.5043974  -0.0260997  -0.24053916 -0.5250688   0.17163491
 -0.17528339 -0.3613443   0.07651557 -0.9719521   0.04365972  0.28861517
 -0.39562124  0.15340433 -0.650601    0.37727106  0.08618058 -0.42006433
 -0.17321639 -0.23106353 -0.00881097 -0.40845218]
========================================================
[ 0.3281486  -0.3476      0.49424097 -0.42129928  0.30078498 -0.13564862
 -0.10433529  0.57661176  0.08735661  0.81304854 -0.1946222  -0.04765809
 -0.08569948 -0.82325625 -0.3337999  -0.19956735 -0.2477232  -0.10850054
  0.44854572  0.34852022 -0.202873    0.07042615  0.7327166   0.48593807
 -0.900689    0.00801314  0.24317837 -0.18916656 -0.19165024  0.2739269
  0.13651425 -0.28385344 -0.01378281  0.05191334 -0.62914395 -0.20288923
 -0.05407383 -0.94969094  0.5193307  -0.5039051  -0.00656708 -0.32796696
  0.03206721 -0.01617881 -0.24781631 -0.14392458  0.23746268 -0.595771
  0.05319494 -0.09764349 -0.33004832  0.02523644 -0.4970422  -0.00581323
  0.4179939   0.24307328  0.40327767  0.32016605  0.21171427 -0.9108403
 -0.2442679   0.07552466 -0.33093902  0.5496056  -0.6138245  -0.3258581
  0.22659037 -0.05592871  0.39839643  0.40160832 -0.4147269  -0.23084968
 -0.08307887  0.73257107  0.28450838  0.05370478 -0.18925756  0.93828464
 -0.09789629 -0.5043974  -0.02610023 -0.24054    -0.52506906  0.17163497
 -0.17528352 -0.3613448   0.07651562 -0.9719522   0.0436593   0.28861547
 -0.3956208   0.15340433 -0.65060097  0.3772707   0.08618167 -0.42006403
 -0.17321667 -0.23106338 -0.00881077 -0.40845215]
