Tensor(shape=[2, 3136, 64], dtype=float32, place=CPUPlace, stop_gradient=False,
       [[[-1.2448, -1.1227, -2.6517, ..., -0.8604,  0.2817,  0.4417],
         [-0.0251,  0.0873, -1.5742, ..., -0.9596, -1.7569, -1.3909],
         [-0.3276, -1.0238,  0.7684, ...,  0.4024, -1.6644,  1.3584],
         ...,
         [-0.9835, -0.0446,  0.3317, ...,  2.3274, -0.5657,  1.1761],
         [ 0.6979,  0.2394,  0.5673, ..., -0.2789,  0.4184, -0.1314],
         [ 0.7739, -0.9048,  0.2716, ..., -0.6777, -0.0251, -1.0292]],

        [[-0.8764, -0.8466, -0.4901, ...,  0.1242,  2.5506,  0.6968],
         [-0.2532, -1.5681,  0.5776, ...,  2.5149, -0.9192,  0.1832],
         [-0.8247, -0.8816,  1.1455, ..., -1.1225, -0.3962, -0.7421],
         ...,
         [ 0.0523,  0.1527,  0.4736, ..., -0.0190,  0.2313,  2.4120],
         [ 0.2803, -1.2990,  1.2060, ...,  0.2605,  0.6385,  1.1424],
         [-0.9279,  1.3266, -0.2683, ..., -1.2301,  1.4500, -0.8620]]])
Tensor(shape=[2, 784, 192], dtype=float32, place=CPUPlace, stop_gradient=False,
       [[[-0.4228,  0.8987,  1.1051, ...,  0.3185, -0.4275,  0.8423],
         [ 1.8310,  1.2673, -0.7728, ..., -0.2101, -0.6497, -1.0253],
         [-1.1001, -0.5527, -1.2672, ...,  0.2569, -1.5473,  0.4544],
         ...,
         [ 0.0317, -0.8782,  0.4834, ..., -0.2649, -0.5288,  1.7285],
         [ 0.6396, -0.9185,  0.4246, ...,  2.0692,  0.5099, -0.8650],
         [ 0.2682,  1.2136,  0.6725, ..., -0.1095, -0.9869,  0.8202]],

        [[ 1.3361, -0.1397,  0.0333, ...,  0.2078, -0.2165, -0.9755],
         [ 0.5080, -0.9078, -0.7674, ...,  2.3944,  0.5798, -0.9824],
         [ 0.4298,  0.4692, -0.2745, ..., -0.2617, -0.0918, -0.2801],
         ...,
         [-0.1575, -0.8132, -1.1372, ...,  0.4950, -0.9476, -1.9406],
         [-0.4968,  1.5005,  0.3663, ...,  0.7416, -0.2786, -0.1062],
         [ 0.2659, -1.5411,  1.1880, ..., -0.3165,  0.9264, -0.6930]]])
Tensor(shape=[2, 197, 384], dtype=float32, place=CPUPlace, stop_gradient=False,
       [[[ 0.6272,  0.6743, -0.3456, ..., -0.0308, -0.6916, -0.4380],
         [ 0.7844,  1.6182, -2.6695, ..., -1.5594, -0.3727, -0.2944],
         [-0.7410,  1.4503,  0.3510, ..., -0.9824, -0.2416, -1.7271],
         ...,
         [-2.9362,  1.0213, -1.0748, ...,  1.2213,  0.7536, -2.5036],
         [ 0.8439, -0.1110,  0.4148, ...,  0.4248,  0.5758,  0.6743],
         [-1.8855,  1.1949,  0.3715, ...,  0.4329,  1.4978, -0.2692]],

        [[ 0.8545,  0.5433, -0.0952, ..., -0.1887, -0.9419, -0.4744],
         [ 0.3922, -0.5046, -1.3253, ...,  1.3338, -1.3808, -0.2724],
         [ 0.7140,  1.0517, -0.3494, ..., -0.5283,  1.1045, -0.5770],
         ...,
         [ 0.1915,  1.7750, -0.3632, ...,  1.1301, -0.6855,  0.4299],
         [ 0.5334, -0.9689, -0.7057, ..., -1.9414,  0.8406,  0.5285],
         [-0.8887, -0.6752,  0.3693, ...,  1.5062, -0.9632, -0.0583]]])
