from
tensor([[[[-0.6305,  0.1198,  0.7766,  ...,  0.0444, -0.5379,  0.1664],
          [-1.5115,  0.2854, -0.5656,  ...,  0.3272, -0.7942,  1.2347],
          [-1.1309,  1.4597,  0.0131,  ...,  1.1599,  0.4453, -0.6122],
          ...,
          [-0.6685,  0.7585, -0.4702,  ...,  0.3795, -0.6665, -0.4104],
          [ 1.2736, -0.9370,  0.4639,  ...,  0.4076,  0.0386, -1.4039],
          [-0.8849, -0.5844, -0.6257,  ...,  2.2097,  1.4936,  0.2548]],

         [[-1.7526,  0.9094,  0.2390,  ..., -1.3221,  0.7849,  1.6688],
          [-0.0782, -0.4795, -1.0796,  ..., -0.7612,  0.4801, -0.2575],
          [-0.8049,  0.7996, -1.1068,  ..., -0.7508,  1.1812,  0.3992],
          ...,
          [-1.6501,  0.1657,  0.6092,  ...,  0.3556,  0.7254,  1.0298],
          [-0.3692, -0.0535, -0.1166,  ..., -2.2033, -0.6164,  1.3481],
          [-0.7695,  0.1308,  0.3848,  ..., -1.3997, -1.3417,  0.1120]],

         [[-0.1797,  0.3355,  0.2483,  ..., -0.8656,  2.1710,  0.5644],
          [-1.7949,  0.4696,  0.6439,  ...,  1.4427, -0.4659, -0.2712],
          [-0.1935,  0.4386, -1.5853,  ..., -0.0081,  1.3291,  2.3085],
          ...,
          [-0.8372,  2.4088, -0.1306,  ..., -0.1182,  0.0784, -1.9903],
          [-1.6713, -0.0489,  0.3823,  ...,  1.2142, -1.9683, -0.4470],
          [ 0.8096, -1.0500,  0.7037,  ...,  0.0173, -1.1539, -1.0517]]],


        [[[ 1.1411,  0.7584, -0.6777,  ...,  0.2579, -1.2924, -1.9244],
          [ 0.6174, -0.3500,  0.7288,  ..., -0.5795, -0.1928,  1.3739],
          [ 1.3232,  0.0345, -1.2167,  ..., -0.0809, -1.7014,  0.7527],
          ...,
          [-0.6366,  1.3520, -0.5259,  ...,  0.0096, -0.2369,  0.9069],
          [ 0.9248, -0.3564,  1.1643,  ..., -0.6300,  0.7629,  1.1049],
          [-0.0642,  0.3480, -0.8911,  ..., -0.3499,  1.8331,  0.0928]],

         [[-1.2543,  0.5318, -0.1762,  ..., -0.0897, -1.8200, -1.0969],
          [-0.4888, -0.0496, -0.7106,  ..., -0.1989,  0.8183, -0.4699],
          [ 0.3279, -0.3758,  0.2542,  ..., -1.4221, -1.2238, -0.6145],
          ...,
          [-0.9674,  0.8143, -2.3279,  ..., -1.4476,  1.6644, -1.3168],
          [-0.8567,  0.2201,  0.4696,  ...,  1.2441, -0.3845, -1.6402],
          [-0.6964,  0.1599,  0.0390,  ..., -0.4596,  0.9991,  0.2980]],

         [[-1.8636, -2.0560, -0.3563,  ..., -0.8257, -1.2742,  1.1061],
          [-0.1167,  0.9123,  1.3784,  ...,  0.2944, -0.1448,  0.2129],
          [-0.7015, -0.5387,  0.6785,  ...,  0.8505, -0.9247, -0.0527],
          ...,
          [-1.4085, -1.4898,  0.5585,  ...,  0.4697,  0.7676,  1.5794],
          [-0.3656,  0.2816, -0.8509,  ..., -0.1150,  0.9326,  1.1549],
          [-0.1088,  0.2204, -1.7097,  ..., -0.8543,  0.8653, -0.3805]]]])
end
tensor([[[[-0.3135, -0.3190, -0.1084,  ..., -1.3669,  0.1867,  0.1331],
          [ 1.1628, -0.9919,  0.1182,  ...,  0.4667,  0.9560,  0.2246],
          [ 0.1519, -0.5247,  0.1505,  ...,  0.3117, -0.5604,  1.0547],
          ...,
          [ 0.0915, -0.1942, -0.3824,  ...,  0.0649,  0.4314, -0.7224],
          [ 0.6475, -0.2237, -0.1684,  ..., -0.2817, -0.4704,  0.2014],
          [-0.6677, -0.5084, -0.5140,  ..., -0.5193, -0.0076,  0.2255]],

         [[ 0.4985,  0.0439,  0.3231,  ..., -0.1918, -0.0999, -0.1740],
          [-0.4113, -0.2780,  0.8460,  ..., -1.2785, -0.2609, -0.1830],
          [ 0.2281, -1.1984,  0.2222,  ..., -0.0976, -1.1931,  0.7698],
          ...,
          [ 0.0693, -0.5595,  0.5698,  ..., -0.6866, -0.6433,  0.7441],
          [ 0.2656,  0.2526,  0.0034,  ..., -0.1488, -0.5996,  0.3412],
          [-0.0857,  0.0361,  0.3623,  ..., -0.2219, -0.8581, -0.3323]],

         [[-0.0570,  0.2665, -0.3553,  ...,  0.0690,  0.0915, -0.2615],
          [-0.1182,  0.1581, -0.2037,  ..., -0.6169,  0.1209,  0.0625],
          [-0.5282, -0.7753,  0.0537,  ..., -0.3699,  0.7815,  0.5417],
          ...,
          [ 0.7061, -0.3175, -0.1382,  ...,  0.6650,  0.1600,  0.0921],
          [ 0.2546, -0.6131,  0.2217,  ...,  0.0768, -0.2426,  0.5128],
          [-0.4610, -0.3244, -0.1810,  ...,  0.0610, -0.2969, -0.5132]],

         ...,

         [[ 0.2914, -0.1478, -0.2051,  ..., -0.0573,  0.0913,  0.3462],
          [ 0.5372, -0.7421,  0.7592,  ..., -0.4081,  1.0887,  0.8525],
          [-0.0979, -0.3581,  0.2814,  ...,  0.5316,  0.3540,  0.5376],
          ...,
          [ 0.3820, -0.6341,  0.6181,  ...,  0.6353, -1.2041,  0.3179],
          [-0.3443, -0.1121,  0.9629,  ...,  0.8573,  0.3800,  0.8298],
          [-0.7448, -0.5360, -0.8275,  ...,  0.5744, -0.0196, -0.2146]],

         [[ 0.2229, -0.6097, -0.4415,  ...,  0.0888, -0.3215,  0.0079],
          [-0.0394,  0.4701,  0.6767,  ..., -0.4106,  0.4555, -0.8244],
          [ 0.7838, -0.1962,  0.1356,  ..., -0.2164, -0.6172, -0.0021],
          ...,
          [ 0.5638,  0.4584,  0.2835,  ...,  0.2280,  0.2166, -0.2537],
          [ 0.4679,  0.6621,  0.2412,  ..., -0.4203, -1.1173,  0.5037],
          [ 0.2886, -0.4430, -0.8775,  ...,  0.3886, -0.1696,  0.0112]],

         [[-0.5195,  0.5196,  0.1481,  ..., -0.1744,  0.3276, -0.2111],
          [ 0.4662,  0.1328, -0.7891,  ..., -0.1794, -1.0123,  0.7290],
          [ 0.1789, -0.3718,  0.1648,  ..., -0.3154, -1.4581, -0.1673],
          ...,
          [ 0.4427,  1.2139,  0.1558,  ..., -0.2130, -0.2824, -0.1777],
          [ 0.1828,  1.2928, -0.9777,  ...,  0.1371, -0.7518, -0.9270],
          [ 0.2924, -0.1693, -0.2564,  ..., -0.1609, -0.2533, -0.1792]]],


        [[[-0.3666,  0.1916, -0.1904,  ...,  0.5402,  0.1010, -0.2730],
          [ 0.0091, -0.0626, -0.1153,  ...,  0.1701, -0.3087, -0.3347],
          [ 0.6700,  0.2841,  0.1375,  ...,  0.3064, -1.0051, -0.4798],
          ...,
          [-0.7921, -1.4732,  0.7910,  ..., -0.2623,  0.4518, -0.5930],
          [-0.3880,  0.0815,  0.7288,  ..., -0.0957,  1.4430, -0.4765],
          [ 0.2824,  0.4064,  0.1706,  ..., -1.0427,  0.2492,  0.8647]],

         [[ 0.1235, -0.2119, -0.6863,  ..., -0.6635, -0.4825,  0.2443],
          [ 0.1596, -0.2646, -0.4986,  ..., -0.0529,  0.1231, -0.2444],
          [-0.2890, -0.3915, -0.3618,  ..., -0.8537, -1.2284, -0.8195],
          ...,
          [-0.2821,  0.7640,  0.2358,  ...,  0.5715, -0.0918, -0.4689],
          [ 0.3212,  0.5429,  0.0795,  ..., -0.0275, -0.6061,  0.1776],
          [ 0.3046,  0.3665, -0.2307,  ..., -1.2904, -1.2164,  0.4368]],

         [[-0.8797, -0.2906, -0.3629,  ..., -0.1267, -0.0293, -0.4294],
          [-0.6730,  0.1832, -0.0631,  ...,  0.5538,  1.2394, -0.3410],
          [-0.5967, -0.4879, -0.1642,  ..., -0.8713, -0.3616,  0.0384],
          ...,
          [-1.0613, -0.1228, -0.0695,  ...,  0.0982, -0.4656, -0.8968],
          [-0.9701, -0.1470, -0.2719,  ...,  0.7739,  0.5434, -0.7559],
          [-0.6938,  0.9322, -0.7473,  ..., -0.0733,  0.4477,  0.7680]],

         ...,

         [[ 0.1230, -0.0619,  0.2402,  ...,  0.9899, -0.0023,  1.0798],
          [ 0.2548,  0.1010, -0.0410,  ...,  0.0413, -0.1112, -0.4750],
          [-0.5958, -0.1711, -0.1047,  ..., -0.1109, -0.2891,  0.2626],
          ...,
          [-0.5331,  0.7236,  0.4410,  ...,  0.2157,  0.6284,  0.3127],
          [-0.4506,  0.5233,  0.4732,  ...,  0.3482, -1.0344, -0.2891],
          [ 0.3175,  1.1595,  0.2259,  ...,  0.1896,  0.7840,  0.0548]],

         [[-0.3241, -0.1663,  0.0233,  ...,  0.3351, -0.3022,  0.3185],
          [-0.1883, -0.7999, -0.8133,  ..., -0.0246,  0.1912,  0.0843],
          [ 0.6071, -0.7774, -0.7102,  ..., -0.4053, -0.2913, -0.5662],
          ...,
          [-0.4803, -0.8441,  0.0144,  ...,  0.4574,  0.7380,  0.2271],
          [-0.3719,  0.0596, -0.6483,  ...,  0.3884,  0.7800,  0.3923],
          [-0.0190, -0.8561, -0.2144,  ..., -0.8514,  0.0274,  0.2337]],

         [[ 0.0199, -0.4610, -0.0366,  ...,  0.6399, -0.6352, -0.4729],
          [-0.1264,  0.1353, -0.0123,  ..., -0.0874,  0.5011, -0.5359],
          [ 0.6283,  0.3639,  0.1823,  ..., -0.0258, -1.6061, -0.9812],
          ...,
          [-0.6478, -1.2764,  0.1539,  ...,  0.0757,  0.2123,  1.0085],
          [-0.1853, -0.7906, -1.4676,  ...,  0.1261,  0.5817,  1.4233],
          [-1.0444, -0.7642,  0.8477,  ..., -0.0319,  0.3063,  0.5387]]]],
       grad_fn=<MkldnnConvolutionBackward0>)
from
tensor([[[[-0.7614, -0.6048, -0.1143,  ..., -2.9178,  0.6759,  0.2971],
          [ 2.4288, -1.3917,  0.2057,  ...,  1.0655,  1.4394,  0.2350],
          [ 0.4505, -0.8208,  0.3638,  ...,  0.4475, -0.7805,  1.6350],
          ...,
          [ 0.0520, -0.2469, -0.5952,  ..., -0.1501,  0.7681, -1.2942],
          [ 1.6171, -0.3941, -0.3580,  ..., -0.5220, -0.8663,  0.2534],
          [-1.4093, -0.9535, -0.9097,  ..., -1.0098,  0.1222,  0.5750]],

         [[ 1.8046,  0.2065,  0.7623,  ..., -0.3199,  0.0575, -0.2869],
          [-0.7652, -0.2515,  1.1988,  ..., -2.2788, -0.4927, -0.4392],
          [ 0.5976, -1.8343,  0.5612,  ..., -0.0252, -1.8317,  1.1002],
          ...,
          [-0.0171, -0.9692,  0.7349,  ..., -1.4270, -1.1042,  1.2775],
          [ 0.7797,  0.3357,  0.0039,  ..., -0.2405, -1.1089,  0.5601],
          [-0.1579,  0.1598,  0.8210,  ..., -0.4157, -1.6340, -0.6401]],

         [[ 0.0972,  0.7473, -0.5852,  ...,  0.2601,  0.4780, -0.4384],
          [-0.1787,  0.4764, -0.2764,  ..., -1.0591,  0.1189,  0.0115],
          [-0.8995, -1.1357,  0.2237,  ..., -0.3450,  1.4085,  0.7052],
          ...,
          [ 1.3656, -0.5046, -0.2034,  ...,  0.8513,  0.3105,  0.1280],
          [ 0.7167, -0.9799,  0.3571,  ...,  0.2437, -0.4068,  0.8994],
          [-0.9566, -0.5744, -0.2384,  ...,  0.2293, -0.4977, -1.0858]],

         ...,

         [[ 1.2104, -0.2125, -0.2637,  ...,  0.0092,  0.5039,  0.7197],
          [ 1.1739, -0.9705,  1.1405,  ..., -0.6174,  1.6989,  1.3004],
          [-0.0259, -0.5688,  0.6191,  ...,  0.7434,  0.7058,  0.6751],
          ...,
          [ 0.6442, -1.0678,  0.8356,  ...,  0.7623, -2.0251,  0.4735],
          [-0.7174, -0.2299,  1.6471,  ...,  1.8857,  0.7451,  1.4794],
          [-1.5834, -1.0085, -1.5019,  ...,  1.3421,  0.0935, -0.3869]],

         [[ 0.9616, -1.2961, -0.7634,  ...,  0.2899, -0.4205,  0.1069],
          [ 0.0079,  0.9549,  0.9450,  ..., -0.6033,  0.6838, -1.5649],
          [ 1.6042, -0.3267,  0.3353,  ..., -0.1766, -0.8938, -0.2085],
          ...,
          [ 1.0064,  0.8079,  0.3545,  ...,  0.1111,  0.3616, -0.5151],
          [ 1.2053,  0.9609,  0.4104,  ..., -0.8370, -2.0851,  0.8483],
          [ 0.6420, -0.8195, -1.6212,  ...,  0.8858, -0.1982,  0.1136]],

         [[-1.4433,  1.2867,  0.3836,  ..., -0.2554,  1.0427, -0.3774],
          [ 1.0586,  0.3603, -1.1330,  ..., -0.2157, -1.7442,  1.1356],
          [ 0.4537, -0.5760,  0.3938,  ..., -0.2672, -2.2843, -0.5002],
          ...,
          [ 0.7758,  2.1266,  0.1921,  ..., -0.6247, -0.4043, -0.3521],
          [ 0.5289,  2.0074, -1.7532,  ...,  0.3674, -1.3672, -1.9694],
          [ 0.6235, -0.2874, -0.3964,  ..., -0.2539, -0.3871, -0.2983]]],


        [[[-0.4913,  0.5162, -0.4757,  ...,  1.2332,  0.1394, -0.7269],
          [-0.0513, -0.0827, -0.2759,  ...,  0.2358, -0.6553, -0.4482],
          [ 1.3019,  0.4860,  0.2514,  ...,  0.3803, -1.4816, -1.0259],
          ...,
          [-1.2264, -2.4902,  1.4571,  ..., -0.3898,  0.9088, -1.0497],
          [-0.7857,  0.1291,  1.2140,  ..., -0.1418,  2.2772, -0.8693],
          [ 0.6921,  0.6249,  0.1448,  ..., -1.5817,  0.4662,  1.7307]],

         [[ 0.6389, -0.3907, -1.5314,  ..., -1.3444, -1.2162,  0.6433],
          [ 0.3377, -0.3462, -1.0049,  ..., -0.1103,  0.1841, -0.2567],
          [-0.6611, -0.7697, -0.6560,  ..., -1.5846, -1.8747, -1.6586],
          ...,
          [-0.2967,  1.6081,  0.5255,  ...,  0.8881,  0.0096, -0.8828],
          [ 0.8812,  0.9093,  0.1418,  ..., -0.0370, -1.0016,  0.2191],
          [ 0.7964,  0.5830, -0.7550,  ..., -1.9633, -2.1374,  0.8169]],

         [[-1.7131, -0.5761, -0.8471,  ..., -0.1828, -0.2053, -1.0544],
          [-1.7334,  0.3761, -0.1439,  ...,  0.8729,  2.2067, -0.4804],
          [-1.2924, -0.9258, -0.2948,  ..., -1.6148, -0.5032, -0.0445],
          ...,
          [-1.7076, -0.0472, -0.0582,  ...,  0.2116, -0.5635, -1.4606],
          [-1.9735, -0.2803, -0.4419,  ...,  1.2316,  0.8075, -1.2589],
          [-1.9029,  1.4685, -1.8230,  ..., -0.0874,  0.7971,  1.5111]],

         ...,

         [[ 0.6665, -0.1143,  0.4571,  ...,  2.1924, -0.1299,  2.7914],
          [ 0.5191,  0.1827, -0.1321,  ...,  0.1036, -0.2857, -0.8476],
          [-1.3101, -0.3846, -0.1676,  ..., -0.3391, -0.3528,  0.4606],
          ...,
          [-0.7535,  1.4719,  0.8590,  ...,  0.4164,  1.2213,  0.4340],
          [-0.8624,  0.8633,  0.7539,  ...,  0.5610, -1.6645, -0.5661],
          [ 0.7876,  1.8273,  0.2577,  ...,  0.3199,  1.4241, -0.0486]],

         [[-0.3918, -0.3049, -0.0455,  ...,  0.8270, -0.8040,  0.8034],
          [-0.6005, -1.2167, -1.6436,  ..., -0.0460,  0.2704,  0.5041],
          [ 1.1479, -1.5042, -1.3323,  ..., -0.8157, -0.3909, -1.2066],
          ...,
          [-0.6745, -1.3613,  0.0884,  ...,  0.7272,  1.3943,  0.2604],
          [-0.7273,  0.0638, -1.0277,  ...,  0.6379,  1.1729,  0.5565],
          [-0.0978, -1.2921, -0.6733,  ..., -1.2282,  0.0710,  0.3516]],

         [[ 0.3697, -0.9329, -0.1862,  ...,  1.4504, -1.6250, -1.1637],
          [-0.4045,  0.2676, -0.0579,  ..., -0.1373,  0.8458, -0.9292],
          [ 1.2230,  0.6781,  0.3578,  ..., -0.1596, -2.4634, -2.0274],
          ...,
          [-0.9985, -2.0855,  0.3343,  ...,  0.1231,  0.5314,  1.5589],
          [-0.2605, -1.3640, -2.3708,  ...,  0.2034,  0.8719,  2.2567],
          [-2.8171, -1.1909,  1.6278,  ...,  0.0057,  0.5299,  1.0180]]]],
       grad_fn=<ReshapeAliasBackward0>)
end
tensor([[[[ 4.1626e-01,  5.2221e-01, -1.0093e-01,  ..., -7.2555e-01,
           -3.7617e-01, -1.2648e-01],
          [-2.2622e-01, -1.0085e-01, -7.0736e-01,  ...,  6.3124e-01,
            2.0334e-02,  2.8121e-01],
          [ 7.6526e-01, -1.0765e+00,  1.0156e+00,  ..., -4.3627e-01,
           -2.7589e-01,  6.3750e-02],
          ...,
          [-1.1144e-02, -1.0615e-01, -4.6120e-03,  ..., -4.2153e-01,
           -2.8004e-03,  1.0238e+00],
          [-7.2536e-01,  4.6252e-01, -6.4062e-03,  ..., -6.5159e-01,
            1.0398e-01, -8.0108e-01],
          [-3.7844e-01,  1.6938e-01,  1.8583e-01,  ...,  1.7050e-01,
            1.2744e+00,  7.5830e-02]],

         [[ 1.0374e+00,  7.6287e-01,  3.7036e-01,  ..., -8.6550e-02,
           -3.1701e-01, -6.3801e-01],
          [-1.3028e-01, -9.3697e-01,  4.4776e-01,  ...,  4.5895e-01,
           -8.7359e-01,  9.6205e-01],
          [-1.1678e-01,  1.6213e-01,  3.5780e-01,  ...,  4.5000e-01,
           -6.5864e-01,  1.2547e+00],
          ...,
          [ 1.0368e+00, -8.7402e-01, -6.3311e-01,  ...,  9.7096e-01,
           -4.5311e-01, -3.0352e-01],
          [ 1.4083e-01, -1.2304e+00,  5.6182e-02,  ..., -2.9358e-01,
            7.4388e-01, -5.6426e-01],
          [ 2.0971e-01,  3.9362e-01,  9.5988e-01,  ...,  7.2185e-02,
            7.1103e-01, -4.8764e-01]],

         [[-4.2976e-01, -3.5473e-01,  6.6030e-01,  ..., -3.8208e-01,
           -8.7044e-01,  1.0370e+00],
          [ 3.0709e-01, -1.8287e-01, -3.0616e-01,  ...,  3.6835e-01,
            9.9481e-01, -8.5460e-02],
          [-3.1896e-01,  2.3173e-01, -2.9466e-01,  ...,  1.4177e-01,
            1.6529e+00,  3.0881e-01],
          ...,
          [-1.0493e-01, -5.7776e-01, -3.3605e-01,  ..., -5.1823e-01,
            3.8010e-01, -7.2919e-01],
          [-4.6692e-01,  6.0179e-01, -5.5223e-01,  ...,  7.2044e-01,
           -1.4625e-01,  2.8116e-01],
          [ 5.3705e-01, -1.9085e-01, -6.0506e-01,  ..., -9.9591e-01,
           -2.2349e-01, -3.9668e-02]],

         ...,

         [[ 1.3908e-01,  3.0312e-01,  9.6497e-01,  ..., -5.7207e-01,
           -2.9001e-01,  9.5011e-02],
          [ 1.9740e-01, -5.0673e-01,  6.7497e-01,  ..., -1.3896e-01,
            6.2811e-01,  2.4345e-01],
          [-3.7739e-01,  6.6746e-01, -6.3493e-02,  ...,  3.0316e-01,
           -3.3166e-01,  1.1380e+00],
          ...,
          [-6.8144e-01, -1.0163e+00,  6.7342e-01,  ...,  5.9483e-03,
            7.1799e-02,  8.6125e-01],
          [-5.4148e-01,  4.2580e-01, -4.4471e-01,  ...,  1.3731e-01,
           -1.2426e+00,  8.1976e-01],
          [ 2.6078e-01, -5.8571e-01, -2.5091e-01,  ..., -4.0510e-01,
            4.1148e-01,  6.8434e-01]],

         [[-2.7036e-01, -1.9488e-01,  7.9723e-01,  ..., -8.7402e-01,
            2.5873e-02,  3.5980e-01],
          [-3.1735e-02, -4.4631e-01, -9.6656e-01,  ..., -2.7281e-01,
            3.9663e-01, -1.2332e+00],
          [ 2.5858e-01,  5.9148e-01, -1.4802e-01,  ..., -2.0546e-01,
            4.0473e-01,  2.4566e-01],
          ...,
          [-9.0679e-02,  5.7516e-01,  1.5840e-02,  ..., -2.3218e-02,
           -1.5969e-01,  3.2595e-01],
          [ 8.5065e-02, -4.2856e-01, -9.9367e-01,  ...,  2.3703e-01,
           -3.8755e-01, -5.1982e-01],
          [ 4.4146e-01, -3.0328e-01, -2.5740e-01,  ...,  2.8075e-01,
            1.5031e-02,  6.6874e-01]],

         [[-3.7744e-01,  4.1195e-01, -6.7067e-02,  ..., -4.7600e-02,
           -2.5700e-02,  2.2788e-01],
          [-2.7373e-01,  5.7693e-01, -1.8386e-01,  ...,  4.5870e-01,
            6.2815e-01,  4.5438e-02],
          [ 3.1355e-01, -6.9733e-01,  7.2515e-01,  ..., -1.0658e+00,
           -3.0414e-01, -3.3976e-01],
          ...,
          [ 2.4581e-02,  1.3974e-01,  7.0592e-01,  ...,  3.8877e-02,
           -2.9427e-01, -2.6838e-01],
          [ 1.1933e-01,  5.7333e-01, -1.7405e-01,  ...,  1.2909e-01,
            1.1814e+00, -3.4484e-01],
          [ 1.4478e-01, -9.1977e-01, -6.1538e-01,  ...,  9.4874e-01,
           -4.8158e-02,  2.2787e-02]]],


        [[[ 5.4832e-01,  7.4654e-02, -2.1323e-01,  ..., -2.3961e-01,
           -7.3691e-01, -5.8461e-01],
          [ 1.7544e-01,  2.6587e-01, -9.2646e-02,  ...,  1.1719e-01,
            2.9208e-01, -2.2084e-01],
          [ 6.5438e-01, -7.8978e-01, -2.8034e-01,  ..., -8.8957e-02,
            9.7627e-01,  9.3755e-01],
          ...,
          [ 3.0047e-01,  2.8010e-01,  1.6705e-03,  ...,  1.1059e+00,
           -2.4409e-01,  2.2397e-01],
          [-6.3000e-01, -1.2143e+00, -7.4343e-01,  ...,  1.9703e+00,
            3.6063e-01, -3.3277e-02],
          [-2.0748e-01,  7.4284e-01,  5.8377e-01,  ..., -1.5770e-01,
           -7.3496e-01,  4.1166e-01]],

         [[-3.2133e-02, -6.5362e-01,  3.5460e-01,  ..., -3.9878e-01,
            1.4560e-01, -1.5553e-01],
          [-1.6095e-01,  1.6405e-01,  5.0953e-01,  ..., -7.0909e-02,
           -1.0538e+00, -3.4846e-01],
          [-1.3131e+00, -2.1206e-01,  6.4952e-01,  ...,  3.9738e-01,
            5.7651e-01, -3.2597e-01],
          ...,
          [ 5.5077e-01, -1.5815e-01,  2.0997e-01,  ..., -5.9326e-01,
            1.6497e-01,  5.2770e-01],
          [-7.2678e-01,  8.2045e-01,  5.1078e-01,  ..., -9.1353e-01,
            1.6126e-02,  3.7365e-01],
          [ 8.8440e-01,  1.1963e-01,  2.8266e-02,  ...,  2.1132e-02,
           -1.5605e+00,  7.6251e-02]],

         [[ 3.9101e-01,  5.6400e-01, -1.9495e-01,  ...,  2.3762e-01,
           -1.9163e-01,  2.4384e-01],
          [ 1.2899e-01,  1.1947e-01, -1.1912e+00,  ..., -2.3685e-01,
            1.0199e+00,  3.5369e-01],
          [ 1.7844e-01,  6.7333e-01, -1.4630e-01,  ..., -6.4136e-02,
            3.0252e-01, -7.4559e-01],
          ...,
          [ 2.4687e-01,  5.7933e-01, -1.8568e-01,  ..., -8.3397e-01,
            1.3904e-01, -4.8075e-01],
          [ 4.0184e-01, -2.9996e-02,  4.5182e-01,  ..., -1.7475e-01,
            5.2872e-01, -2.2536e-01],
          [ 6.4275e-01, -1.1828e+00,  2.7614e-01,  ..., -5.4302e-01,
           -1.0170e-01, -2.5349e-01]],

         ...,

         [[-1.8237e-01,  3.3122e-01,  3.1144e-01,  ...,  3.8105e-02,
           -9.1439e-02, -4.1473e-02],
          [-1.3631e-01,  1.0478e+00,  1.8428e-02,  ...,  9.8957e-01,
           -1.0518e-02, -1.5613e-01],
          [-5.6460e-01,  4.4211e-01,  1.2147e-01,  ..., -2.9072e-01,
           -6.6123e-01,  2.4913e-01],
          ...,
          [-3.6821e-01,  3.1002e-01,  3.1272e-01,  ...,  1.1273e+00,
            6.3667e-01,  3.2518e-01],
          [-4.9737e-01,  3.2559e-01,  3.6804e-01,  ..., -3.2117e-01,
           -1.2220e-01, -5.9042e-02],
          [-5.2168e-01,  9.6619e-01,  5.4006e-01,  ..., -7.4003e-02,
            2.0466e-02,  4.2475e-01]],

         [[-3.6760e-02, -1.6601e-01,  1.1899e-01,  ...,  5.8524e-01,
           -7.2057e-01,  3.4604e-01],
          [ 3.1777e-01,  5.2246e-01, -8.5335e-01,  ..., -6.3867e-01,
            2.6446e-01, -6.6483e-01],
          [-5.6320e-01, -7.7556e-01,  8.5010e-01,  ..., -2.6277e-01,
            2.7574e-01, -1.4303e+00],
          ...,
          [ 2.7031e-01, -2.2341e-01,  1.6779e-01,  ...,  2.6800e-01,
            8.1802e-02,  2.5480e-01],
          [ 7.6778e-02,  4.7355e-01,  2.5449e-01,  ..., -4.5264e-01,
           -1.3259e-01,  5.3116e-01],
          [-1.0501e+00, -4.0458e-01,  7.1543e-01,  ...,  4.0170e-01,
           -7.5387e-01, -7.9468e-01]],

         [[ 1.8376e-01, -3.9359e-01, -6.4625e-01,  ..., -7.5267e-01,
            2.6105e-01,  3.2105e-02],
          [ 1.9726e-01, -1.4350e-01,  1.5730e-01,  ..., -8.5336e-01,
            5.6073e-01, -2.2891e-01],
          [ 2.4580e-01, -6.7033e-01,  8.8901e-01,  ...,  1.3506e+00,
            3.6874e-01, -7.7904e-02],
          ...,
          [-3.4978e-01, -1.2079e+00,  7.6199e-01,  ..., -6.6023e-02,
            4.1262e-02,  3.9205e-01],
          [ 4.3068e-01,  6.0912e-01, -1.2462e+00,  ...,  8.3294e-01,
            3.8675e-01,  8.2047e-02],
          [ 4.3410e-02, -6.4713e-01, -1.7752e-01,  ..., -8.0685e-01,
           -1.5188e-01, -2.7467e-02]]]], grad_fn=<MkldnnConvolutionBackward0>)
from
tensor([[[[ 9.4617e-01,  9.8915e-01, -3.2480e-01,  ..., -1.5794e+00,
           -8.3028e-01, -2.4424e-01],
          [-6.3268e-01, -1.1445e-01, -1.3158e+00,  ...,  1.0582e+00,
            1.7161e-02,  3.1993e-01],
          [ 1.8252e+00, -1.8641e+00,  2.1512e+00,  ..., -6.1864e-01,
           -4.2195e-01,  9.2256e-02],
          ...,
          [-1.2377e-01, -2.8656e-01, -1.9799e-01,  ..., -5.4991e-01,
            2.6437e-01,  1.8953e+00],
          [-1.8552e+00,  8.3292e-01, -4.6101e-02,  ..., -1.1905e+00,
            1.1431e-01, -1.1404e+00],
          [-8.0534e-01,  2.4982e-01,  4.2325e-01,  ...,  7.0558e-02,
            2.4720e+00,  6.4736e-02]],

         [[ 2.6189e+00,  1.6378e+00,  7.0894e-01,  ..., -8.7848e-02,
           -6.7683e-01, -1.5504e+00],
          [-3.5885e-01, -1.4254e+00,  8.2015e-01,  ...,  6.2591e-01,
           -1.4993e+00,  1.5208e+00],
          [-8.3817e-02,  2.4264e-01,  8.7794e-01,  ...,  9.6171e-01,
           -1.2837e+00,  2.3424e+00],
          ...,
          [ 2.0181e+00, -1.3955e+00, -1.0039e+00,  ...,  1.8529e+00,
           -7.3710e-01, -6.4965e-01],
          [ 3.1938e-01, -1.9184e+00,  6.1533e-02,  ..., -6.2224e-01,
            1.4134e+00, -1.0063e+00],
          [ 6.3966e-01,  6.0200e-01,  1.7891e+00,  ...,  6.3381e-02,
            1.4248e+00, -9.5776e-01]],

         [[-1.2725e+00, -5.0326e-01,  1.6011e+00,  ..., -6.4359e-01,
           -1.7836e+00,  2.2361e+00],
          [ 6.1920e-01, -1.3977e-01, -4.5153e-01,  ...,  6.5908e-01,
            1.8541e+00, -9.3201e-02],
          [-6.3166e-01,  5.2730e-01, -3.0359e-01,  ...,  1.6019e-01,
            3.1697e+00,  3.7537e-01],
          ...,
          [-1.5593e-01, -9.9052e-01, -5.0848e-01,  ..., -8.7845e-01,
            9.0688e-01, -1.2496e+00],
          [-1.0117e+00,  1.1627e+00, -1.0270e+00,  ...,  1.3546e+00,
           -8.9513e-02,  8.8262e-01],
          [ 1.1931e+00, -3.8489e-01, -1.1453e+00,  ..., -1.6320e+00,
           -2.0971e-01, -3.6646e-01]],

         ...,

         [[ 4.2127e-01,  8.2421e-01,  2.2859e+00,  ..., -1.1339e+00,
           -5.1729e-01,  4.2329e-02],
          [ 5.4038e-01, -7.3872e-01,  1.2583e+00,  ...,  2.8577e-03,
            1.3105e+00,  4.7524e-01],
          [-6.7535e-01,  1.2986e+00,  2.1262e-01,  ...,  4.2863e-01,
           -7.2158e-01,  1.8851e+00],
          ...,
          [-1.5188e+00, -1.7739e+00,  1.1369e+00,  ...,  1.2920e-01,
            2.3679e-01,  1.5084e+00],
          [-1.1780e+00,  6.9936e-01, -7.2797e-01,  ...,  1.8668e-01,
           -2.0286e+00,  1.5932e+00],
          [ 3.8573e-01, -9.2069e-01, -2.8322e-01,  ..., -7.4522e-01,
            7.9889e-01,  9.6970e-01]],

         [[-6.8034e-01, -3.7865e-01,  1.7377e+00,  ..., -1.8872e+00,
            1.8145e-01,  7.4415e-01],
          [-4.7202e-02, -7.8695e-01, -1.6613e+00,  ..., -4.8435e-01,
            7.3054e-01, -2.0967e+00],
          [ 6.3188e-01,  1.0174e+00, -2.5308e-01,  ..., -3.6570e-01,
            7.3095e-01,  3.6290e-01],
          ...,
          [-3.4204e-01,  9.4274e-01,  1.6565e-02,  ..., -1.4720e-01,
           -1.1229e-01,  7.8113e-01],
          [ 2.2001e-01, -7.9814e-01, -1.8108e+00,  ...,  2.2491e-01,
           -6.2927e-01, -6.3509e-01],
          [ 1.0984e+00, -4.0706e-01, -2.7993e-01,  ...,  5.9146e-01,
            8.1457e-02,  9.4040e-01]],

         [[-9.0369e-01,  9.9327e-01, -7.5649e-02,  ..., -3.5653e-02,
            1.5281e-01,  6.7284e-01],
          [-7.5141e-01,  1.1320e+00, -1.8452e-01,  ...,  6.9331e-01,
            1.2060e+00,  1.8697e-01],
          [ 6.1979e-01, -1.2580e+00,  1.6662e+00,  ..., -1.6499e+00,
           -5.2295e-01, -6.0173e-01],
          ...,
          [-5.1869e-02,  1.7652e-01,  1.1727e+00,  ...,  1.0970e-01,
           -4.4308e-01, -5.5807e-01],
          [ 2.4506e-01,  1.1053e+00, -1.9424e-01,  ...,  7.7173e-02,
            2.2885e+00, -3.3834e-01],
          [ 5.6169e-01, -1.4992e+00, -8.7888e-01,  ...,  1.4322e+00,
            1.4416e-01,  1.0389e-01]]],


        [[[ 1.3242e+00,  2.6267e-01, -4.1807e-01,  ..., -2.9254e-01,
           -1.6556e+00, -1.2643e+00],
          [ 1.7576e-01,  3.4240e-01, -2.7104e-01,  ...,  1.8268e-01,
            7.2942e-01, -2.1472e-01],
          [ 1.5038e+00, -1.4149e+00, -6.0248e-01,  ..., -2.5500e-01,
            1.9012e+00,  1.7538e+00],
          ...,
          [ 7.2077e-01,  6.7657e-01,  3.7164e-02,  ...,  2.1575e+00,
           -7.2699e-01,  3.5251e-01],
          [-1.1794e+00, -2.0605e+00, -1.2197e+00,  ...,  3.5358e+00,
            6.9439e-01, -4.8985e-02],
          [-4.1349e-01,  1.2451e+00,  9.0016e-01,  ..., -2.7137e-01,
           -1.3407e+00,  6.5218e-01]],

         [[ 1.1231e-02, -1.3194e+00,  7.7170e-01,  ..., -8.2924e-01,
            4.0561e-01, -4.5508e-01],
          [-5.3685e-01,  1.3077e-01,  9.8881e-01,  ...,  9.1872e-02,
           -1.5828e+00, -4.5248e-01],
          [-2.8882e+00, -4.5004e-01,  1.2609e+00,  ...,  6.2861e-01,
            1.2036e+00, -7.2679e-01],
          ...,
          [ 1.3736e+00, -2.5325e-01,  5.3289e-01,  ..., -1.0377e+00,
            1.2089e-01,  9.7840e-01],
          [-1.5830e+00,  1.4104e+00,  6.7966e-01,  ..., -1.4553e+00,
           -3.7764e-02,  7.4399e-01],
          [ 1.4886e+00,  5.3740e-02,  1.5049e-01,  ...,  2.0196e-02,
           -2.8774e+00, -6.4615e-02]],

         [[ 1.0845e+00,  1.4015e+00, -4.3801e-01,  ...,  7.7132e-01,
           -2.8441e-01,  5.1166e-01],
          [ 3.3031e-01,  1.9144e-01, -2.0682e+00,  ..., -4.1727e-01,
            1.6978e+00,  6.9514e-01],
          [ 7.2002e-01,  1.1891e+00, -1.5825e-01,  ..., -1.2783e-01,
            8.0192e-01, -1.4139e+00],
          ...,
          [ 5.9128e-01,  1.0781e+00, -2.1983e-01,  ..., -1.4050e+00,
           -1.3104e-01, -7.7753e-01],
          [ 1.1054e+00, -5.4704e-02,  9.3560e-01,  ..., -1.2023e-01,
            9.8175e-01, -2.8136e-01],
          [ 1.5758e+00, -1.8489e+00,  4.4108e-01,  ..., -7.4628e-01,
           -3.0468e-01, -3.8321e-01]],

         ...,

         [[-6.3763e-01,  6.0397e-01,  7.3639e-01,  ...,  1.2348e-01,
           -2.4097e-01, -1.6336e-01],
          [-5.9506e-01,  1.6782e+00,  1.8081e-01,  ...,  1.6690e+00,
           -6.7364e-02, -2.3602e-01],
          [-1.0857e+00,  4.6046e-01,  3.8568e-01,  ..., -4.1906e-01,
           -1.1955e+00,  6.6164e-01],
          ...,
          [-7.9671e-01,  4.3520e-01,  8.9682e-01,  ...,  1.9809e+00,
            8.7305e-01,  6.5827e-01],
          [-1.2321e+00,  4.7082e-01,  5.2248e-01,  ..., -6.1556e-01,
           -3.6162e-01, -1.1995e-02],
          [-8.2129e-01,  1.5028e+00,  1.0647e+00,  ..., -7.0290e-02,
            2.0627e-02,  6.3745e-01]],

         [[-1.0269e-02, -3.4853e-01,  3.7725e-02,  ...,  1.2965e+00,
           -1.6447e+00,  5.3711e-01],
          [ 3.5971e-01,  9.2618e-01, -1.6650e+00,  ..., -8.0590e-01,
            2.9005e-01, -1.1564e+00],
          [-1.1416e+00, -1.4910e+00,  1.5614e+00,  ..., -5.6330e-01,
            4.8525e-01, -2.6214e+00],
          ...,
          [ 6.7448e-01, -3.3126e-01,  3.9621e-01,  ...,  6.1632e-01,
           -2.9389e-02,  7.6666e-01],
          [ 1.8343e-01,  7.5036e-01,  3.2049e-01,  ..., -6.2945e-01,
           -2.7954e-01,  1.0835e+00],
          [-1.9320e+00, -6.6864e-01,  1.1253e+00,  ...,  9.9369e-01,
           -1.3872e+00, -1.3866e+00]],

         [[ 2.6229e-01, -9.0928e-01, -1.3269e+00,  ..., -1.6147e+00,
            4.4295e-01, -1.7696e-01],
          [ 1.7092e-01, -1.0197e-02,  4.1721e-01,  ..., -1.3398e+00,
            8.2592e-01, -2.0974e-01],
          [ 8.3095e-01, -1.1750e+00,  1.6078e+00,  ...,  2.0683e+00,
            7.4514e-01, -3.7809e-02],
          ...,
          [-9.6893e-01, -2.0552e+00,  1.6565e+00,  ...,  2.1276e-02,
            2.1676e-02,  7.8398e-01],
          [ 9.0650e-01,  1.1117e+00, -2.3886e+00,  ...,  1.6074e+00,
            7.3267e-01,  4.7662e-01],
          [ 1.1490e-01, -9.4869e-01, -3.9328e-01,  ..., -1.4826e+00,
           -2.2273e-01, -1.0490e-01]]]], grad_fn=<ReshapeAliasBackward0>)
end
tensor([[[[ 2.1808e-01, -5.6482e-02,  2.4333e-01,  ...,  6.6432e-03,
           -3.4923e-01,  3.6693e-01],
          [-7.8516e-02, -2.9067e-01, -3.7727e-01,  ..., -7.3320e-01,
           -2.5984e-01, -1.2505e-01],
          [-1.9598e-01,  5.1279e-02,  6.7258e-01,  ..., -1.0114e+00,
            1.3877e-01, -4.7961e-01],
          ...,
          [ 3.5155e-01, -2.7897e-01, -8.8511e-02,  ...,  2.6369e-01,
            2.2508e-01,  1.8672e-01],
          [ 2.1552e-01, -6.0056e-01,  1.8867e-01,  ..., -8.1685e-02,
            1.7347e-01, -1.3638e+00],
          [ 4.0948e-01,  5.0744e-02,  2.2890e-02,  ..., -6.8486e-02,
           -2.3786e-01,  6.5115e-01]],

         [[ 1.5338e-01,  5.6930e-01, -1.9476e-01,  ...,  6.1698e-01,
            1.5496e-01, -6.1432e-01],
          [ 1.2934e-01, -5.9638e-01,  5.0596e-01,  ...,  7.8492e-01,
           -1.1900e+00, -8.0374e-01],
          [ 2.9587e-01,  4.4324e-02,  3.2761e-01,  ...,  1.0641e+00,
           -3.1298e-01,  1.0054e+00],
          ...,
          [-1.2077e-02, -2.1343e-01, -4.9670e-01,  ...,  5.8917e-02,
            7.8900e-01,  8.3025e-02],
          [ 9.1053e-02, -6.3056e-01,  2.1155e-01,  ..., -2.6050e-01,
            1.8670e-01,  3.1610e-01],
          [ 9.1947e-02,  1.0583e-01,  9.3507e-01,  ..., -4.5126e-01,
           -5.7911e-01,  5.6913e-01]],

         [[ 4.0441e-01, -5.0431e-01,  3.2274e-01,  ..., -1.8676e-01,
           -2.2106e-01, -7.8631e-01],
          [-2.9339e-02,  5.0678e-01,  4.7946e-01,  ...,  6.2068e-01,
            3.9020e-01,  3.1863e-01],
          [ 2.1410e-01, -8.1071e-02, -3.8491e-01,  ..., -8.4345e-01,
           -6.2883e-01,  7.5255e-01],
          ...,
          [ 9.3290e-02, -5.2731e-01,  2.6630e-01,  ...,  4.7399e-01,
           -1.9468e-03,  4.3204e-01],
          [-1.6587e-02,  1.1281e-01, -4.6454e-01,  ...,  9.8095e-01,
            6.6381e-02,  4.7805e-02],
          [-5.4269e-01, -8.3636e-01, -4.9153e-01,  ...,  2.9262e-01,
            1.0277e-01,  2.1382e-01]],

         ...,

         [[-3.2908e-01,  6.2480e-01,  2.2477e-01,  ..., -4.7306e-01,
            3.2800e-02, -5.6164e-01],
          [ 2.3436e-01, -7.9180e-02,  1.5323e-01,  ..., -1.2949e-01,
            2.3960e-01,  4.9053e-01],
          [-4.0667e-02,  5.3806e-01,  1.1244e-01,  ..., -4.1678e-01,
            1.5594e+00, -8.1279e-01],
          ...,
          [ 9.1894e-03,  1.0939e-02, -7.1445e-01,  ..., -1.1293e+00,
           -9.7893e-01, -6.0580e-01],
          [ 4.2057e-01, -1.6149e+00, -1.2963e-01,  ...,  2.9424e-02,
            9.1622e-01, -1.4772e-01],
          [ 8.4340e-02, -7.8010e-01, -6.5774e-01,  ..., -5.7097e-02,
           -1.0436e-01, -3.5776e-01]],

         [[ 6.5433e-01,  1.5783e-01,  2.7978e-01,  ...,  5.6818e-01,
           -2.9777e-01,  7.4750e-01],
          [-3.9625e-01,  3.1299e-01, -6.7854e-01,  ...,  4.8834e-01,
           -9.6502e-01,  1.0855e+00],
          [ 3.5630e-02,  1.8126e-01, -6.9814e-02,  ...,  2.5945e-01,
           -3.7213e-01, -5.5638e-01],
          ...,
          [-1.6373e-01,  3.5985e-01, -5.4481e-01,  ..., -2.1973e-01,
           -8.4235e-01,  1.0147e+00],
          [ 4.9895e-01,  1.0840e+00, -5.4413e-01,  ...,  7.5044e-01,
           -6.0167e-02, -9.9536e-01],
          [ 4.0945e-01,  3.0324e-01, -8.8150e-01,  ..., -9.9445e-01,
           -4.9417e-01,  9.9131e-02]],

         [[ 1.2715e-02, -1.0208e+00, -1.8358e-01,  ..., -6.6707e-02,
            3.7651e-01,  4.2235e-01],
          [ 4.7442e-01,  1.0253e+00, -8.9025e-02,  ..., -4.3127e-01,
           -1.4167e-01, -3.1980e-01],
          [ 8.1269e-01, -6.8004e-01, -1.0346e-01,  ..., -6.7217e-01,
           -5.7312e-01,  4.8401e-01],
          ...,
          [ 7.0915e-01,  7.5212e-01,  3.2639e-01,  ..., -4.0940e-01,
           -3.9201e-01, -6.1150e-01],
          [-3.8931e-02,  3.8203e-01, -5.5659e-01,  ..., -5.7663e-02,
           -6.9713e-01, -2.6217e-01],
          [ 5.5207e-02, -6.7236e-02, -4.8392e-01,  ...,  3.0296e-01,
           -6.1355e-01,  3.0672e-01]]],


        [[[-2.1896e-01,  1.0887e-01,  1.1673e+00,  ..., -9.6695e-02,
           -1.3372e+00, -3.0627e-01],
          [-2.2002e-01, -1.1900e-03, -3.5989e-01,  ...,  4.4732e-01,
            1.1691e-03, -3.1098e-01],
          [ 1.0453e-01,  6.9146e-01, -7.3364e-01,  ..., -9.3892e-01,
           -1.1477e-01, -8.8579e-01],
          ...,
          [-4.2333e-01, -2.5401e-01,  7.4161e-03,  ..., -7.7842e-01,
           -6.5110e-01,  8.2814e-01],
          [ 1.1482e-01,  6.5275e-02,  1.0827e-03,  ..., -1.0326e+00,
           -1.6481e-01,  1.2166e+00],
          [ 8.7999e-01, -1.8171e-01, -1.0813e+00,  ...,  4.9868e-01,
           -1.3944e+00,  7.5467e-01]],

         [[ 3.4272e-01,  6.9195e-01,  4.4191e-01,  ...,  1.5529e-01,
            2.9043e-01,  3.6043e-01],
          [-2.8622e-01, -4.2590e-01,  3.3885e-01,  ...,  8.3121e-01,
            6.7862e-01,  6.3554e-01],
          [-3.5419e-01, -1.9871e-01,  1.1012e+00,  ...,  5.9983e-01,
            4.9852e-01, -2.9048e-01],
          ...,
          [-1.4702e-01,  4.4281e-01,  4.5982e-01,  ...,  5.0947e-01,
            2.8069e-01,  3.5297e-01],
          [ 3.7036e-01,  2.5010e-01, -9.6177e-02,  ..., -1.1854e-01,
           -2.7483e-01, -1.3464e-01],
          [ 2.7079e-01,  8.1479e-01, -5.4565e-01,  ..., -4.0845e-02,
            1.2836e-02,  6.3223e-01]],

         [[-8.0721e-01,  9.9404e-01,  7.8780e-01,  ...,  3.7643e-01,
           -2.7210e-01,  5.7381e-01],
          [-3.6657e-02, -6.8011e-02, -7.6784e-02,  ..., -3.9600e-02,
            4.5237e-01, -2.6454e-01],
          [-4.1736e-01, -8.0376e-01, -2.4920e-01,  ...,  6.1204e-01,
            1.2174e-01, -7.3154e-02],
          ...,
          [ 2.5936e-01,  2.4505e-01,  2.6451e-01,  ..., -3.5769e-01,
            5.4511e-01,  4.0246e-01],
          [-2.8516e-01,  3.9605e-02,  2.0915e-01,  ...,  9.0411e-01,
           -2.8837e-01, -3.1250e-01],
          [ 1.0836e-01,  1.8744e-01,  2.5324e-01,  ...,  2.5479e-02,
           -4.8956e-01, -4.2027e-01]],

         ...,

         [[ 7.1293e-02, -1.0524e+00,  2.8438e-01,  ...,  3.8079e-02,
            2.0001e-01, -1.3140e-02],
          [-3.9049e-01, -3.4149e-01, -5.8570e-01,  ..., -1.1723e+00,
            2.5664e-01, -1.0517e+00],
          [ 6.1906e-02, -6.6870e-01,  8.8884e-01,  ...,  1.0845e-01,
            3.4676e-01, -1.0263e+00],
          ...,
          [ 2.1337e-01, -2.3295e-02, -1.6724e-03,  ...,  1.4315e-02,
           -1.8703e-01, -2.0152e-01],
          [-4.5702e-01, -3.8522e-01, -3.7000e-01,  ...,  1.0757e+00,
           -6.8198e-01, -2.0804e-01],
          [-4.9949e-01,  4.0172e-01,  2.8549e-01,  ..., -8.6011e-01,
           -4.3856e-01,  2.2817e-01]],

         [[ 4.5419e-01,  5.9521e-01, -1.9515e-01,  ..., -7.1659e-01,
            5.7886e-01, -7.8542e-01],
          [-1.0900e-01, -6.6530e-01, -2.6039e-01,  ..., -2.1891e-01,
            8.2758e-01,  3.0829e-01],
          [-1.1454e-01, -8.0620e-01, -1.3289e-01,  ...,  8.1076e-01,
            1.4289e+00,  1.1455e-02],
          ...,
          [ 4.5293e-01,  6.1623e-01, -1.0943e-01,  ...,  9.5951e-01,
           -7.4101e-02,  4.2053e-01],
          [ 6.6075e-01,  4.2778e-01,  2.0557e-01,  ..., -3.4289e-01,
            3.2700e-01,  6.6032e-01],
          [ 1.3431e-01, -8.9969e-01,  1.1539e-01,  ...,  2.8040e-01,
            5.0166e-01,  1.2677e-01]],

         [[ 4.7392e-01, -4.0880e-01,  6.5871e-01,  ..., -6.5484e-01,
            2.0694e-01,  5.9985e-01],
          [ 5.2955e-01, -5.2576e-01, -2.8146e-03,  ...,  5.9906e-01,
           -3.2384e-01,  4.3596e-01],
          [-2.9939e-01, -9.2056e-02, -2.1569e-01,  ..., -7.0973e-01,
           -1.5404e-01, -1.0055e-01],
          ...,
          [-5.9656e-01, -7.3320e-01,  2.0256e-01,  ..., -1.8063e+00,
           -2.4000e-01,  1.1870e-01],
          [-2.1487e-01, -4.3767e-01,  7.4673e-01,  ...,  7.0309e-01,
            1.3489e+00, -1.1857e-01],
          [ 4.9730e-01,  6.4705e-01, -4.2166e-01,  ...,  1.4661e+00,
           -6.6742e-01, -1.1111e+00]]]], grad_fn=<MkldnnConvolutionBackward0>)
