from
Tensor(shape=[2, 3, 224, 224], dtype=float32, place=CPUPlace, stop_gradient=True,
       [[[[-0.63048828,  0.11982179,  0.77661687, ...,  0.04444803,
           -0.53794885,  0.16635348],
          [-1.51151323,  0.28544450, -0.56555796, ...,  0.32720128,
           -0.79421657,  1.23473167],
          [-1.13093770,  1.45969021,  0.01314921, ...,  1.15993106,
            0.44527510, -0.61215347],
          ...,
          [-0.66851282,  0.75849849, -0.47017190, ...,  0.37949851,
           -0.66646880, -0.41038862],
          [ 1.27355838, -0.93699205,  0.46385878, ...,  0.40756351,
            0.03861425, -1.40391254],
          [-0.88491637, -0.58438849, -0.62568593, ...,  2.20968413,
            1.49361074,  0.25480303]],

         [[-1.75258851,  0.90935540,  0.23898104, ..., -1.32209611,
            0.78486139,  1.66875613],
          [-0.07824504, -0.47949427, -1.07959640, ..., -0.76122469,
            0.48011649, -0.25753400],
          [-0.80491561,  0.79955631, -1.10684395, ..., -0.75084901,
            1.18118465,  0.39919662],
          ...,
          [-1.65014994,  0.16573277,  0.60915804, ...,  0.35556024,
            0.72541255,  1.02978635],
          [-0.36921725, -0.05345559, -0.11662115, ..., -2.20331430,
           -0.61637646,  1.34807944],
          [-0.76948053,  0.13079686,  0.38480961, ..., -1.39968693,
           -1.34174585,  0.11200459]],

         [[-0.17967255,  0.33548361,  0.24829341, ..., -0.86564827,
            2.17095375,  0.56440556],
          [-1.79485929,  0.46955466,  0.64394939, ...,  1.44270802,
           -0.46591625, -0.27117148],
          [-0.19353737,  0.43861926, -1.58527768, ..., -0.00814866,
            1.32912469,  2.30847335],
          ...,
          [-0.83723897,  2.40884471, -0.13063717, ..., -0.11819921,
            0.07839161, -1.99027669],
          [-1.67125571, -0.04891700,  0.38228190, ...,  1.21424639,
           -1.96830928, -0.44703048],
          [ 0.80956763, -1.04998553,  0.70371133, ...,  0.01730650,
           -1.15392923, -1.05170596]]],


        [[[ 1.14108884,  0.75842047, -0.67765385, ...,  0.25792369,
           -1.29244375, -1.92438138],
          [ 0.61739337, -0.34998503,  0.72880280, ..., -0.57945883,
           -0.19279875,  1.37386298],
          [ 1.32318985,  0.03452431, -1.21667838, ..., -0.08090270,
           -1.70141876,  0.75269079],
          ...,
          [-0.63655341,  1.35198820, -0.52589989, ...,  0.00956370,
           -0.23694836,  0.90689486],
          [ 0.92484444, -0.35642138,  1.16434753, ..., -0.62999457,
            0.76287746,  1.10491049],
          [-0.06422115,  0.34801018, -0.89106041, ..., -0.34985775,
            1.83308649,  0.09276664]],

         [[-1.25430191,  0.53176755, -0.17620212, ..., -0.08972927,
           -1.82000542, -1.09687531],
          [-0.48882523, -0.04963308, -0.71060914, ..., -0.19892578,
            0.81828129, -0.46988901],
          [ 0.32793090, -0.37578806,  0.25418162, ..., -1.42206967,
           -1.22377276, -0.61451715],
          ...,
          [-0.96741402,  0.81427389, -2.32790875, ..., -1.44755507,
            1.66435254, -1.31677818],
          [-0.85670704,  0.22005272,  0.46957245, ...,  1.24414527,
           -0.38451669, -1.64020002],
          [-0.69642496,  0.15987109,  0.03901091, ..., -0.45956230,
            0.99909949,  0.29804218]],

         [[-1.86355317, -2.05604315, -0.35628805, ..., -0.82574397,
           -1.27417600,  1.10611498],
          [-0.11666070,  0.91232497,  1.37835634, ...,  0.29440451,
           -0.14477815,  0.21292996],
          [-0.70153016, -0.53867966,  0.67851168, ...,  0.85052109,
           -0.92474413, -0.05267660],
          ...,
          [-1.40845871, -1.48978150,  0.55853593, ...,  0.46966612,
            0.76759744,  1.57943952],
          [-0.36558151,  0.28158498, -0.85090375, ..., -0.11503318,
            0.93261921,  1.15485704],
          [-0.10877812,  0.22037838, -1.70967460, ..., -0.85433942,
            0.86530060, -0.38050097]]]])
end
Tensor(shape=[2, 64, 56, 56], dtype=float32, place=CPUPlace, stop_gradient=False,
       [[[[-0.96171391,  0.18616793,  1.98057652, ...,  1.88217783,
            0.83457780, -0.27592152],
          [ 1.50038731, -0.29244825, -1.55034375, ..., -1.13665414,
           -0.58337289, -0.77365088],
          [-1.27144933, -1.03065753,  0.37140504, ..., -1.12176049,
           -0.75719041, -0.31722897],
          ...,
          [-0.58461553,  0.69455898, -2.36995292, ...,  0.73540306,
           -0.03502002, -0.70747197],
          [ 0.89598089,  0.80265087, -1.52319098, ..., -0.16136108,
            0.12614861, -1.18915427],
          [-0.08843870, -0.57275456,  0.52718025, ..., -2.48465276,
           -0.71348411,  0.97114056]],

         [[-1.62647045, -0.90547830, -0.42081767, ..., -0.34781438,
           -0.34855905,  0.78700215],
          [ 0.79049182,  1.27575290,  0.09430394, ...,  1.87140083,
            2.75784492,  0.74378675],
          [-1.13765419,  1.71710563, -0.04154077, ...,  0.55768800,
           -0.52219474, -2.21355772],
          ...,
          [ 0.43749970,  0.14959861,  0.59006369, ...,  0.34324789,
           -0.73878402,  2.26013660],
          [-2.33567643,  2.47239113,  2.61328197, ...,  0.27978712,
           -0.66673601, -2.35245800],
          [ 0.63583231, -1.06517065,  0.91547358, ...,  0.39009097,
            0.74326086, -1.04203296]],

         [[-0.80259210,  0.34145963, -1.12353122, ...,  0.73322350,
           -0.63979739, -2.91032290],
          [ 2.17245388,  2.34026074,  0.81113982, ..., -0.24158494,
            0.68496466, -3.76478815],
          [ 1.84801459,  0.72642368,  2.17372656, ..., -2.27748561,
           -0.14047672,  1.37397468],
          ...,
          [-3.02449846, -0.85120380, -0.76247966, ..., -2.91036701,
            1.11550260, -0.80589926],
          [ 1.30747163,  2.64574862,  2.15048432, ..., -2.27222896,
            0.74019474, -0.99073428],
          [-1.14571047,  1.04492927, -1.16794896, ...,  1.50517666,
            0.68350214, -0.79449779]],

         ...,

         [[-0.43941706,  1.16081953, -2.00561261, ...,  2.23507857,
           -1.44667840, -1.88732553],
          [-0.41380107,  0.49528441,  2.53257227, ..., -0.12813468,
            1.02161574, -1.29528153],
          [-0.55836147,  0.89567971,  0.69304073, ..., -1.28173435,
            0.61085153,  0.09032435],
          ...,
          [-2.92817879,  2.51260376,  0.38513148, ..., -0.93407691,
            1.77715528,  0.18642324],
          [-0.50753033, -0.28881934, -0.06248413, ..., -1.17653668,
            0.60230845, -0.94925141],
          [ 0.03102227, -0.13235755, -1.88429081, ..., -0.33758676,
            1.09670186,  1.56214404]],

         [[ 1.07950675, -0.28058711,  0.43182170, ..., -0.99791050,
            1.70172751, -1.23932338],
          [ 0.70795339,  0.64951700, -1.05072713, ..., -4.83773947,
            2.71276975,  1.68960524],
          [-0.27255279,  1.82852387, -0.57104236, ...,  2.17768025,
           -0.46401423, -0.95049453],
          ...,
          [ 0.96236211, -2.38377810,  0.30021104, ...,  2.20126510,
            1.54472733,  3.26548171],
          [ 0.57828772, -0.82165283,  0.29074976, ...,  3.04647684,
            0.37894174,  1.61509800],
          [ 1.29513609,  0.04083365,  1.26635540, ...,  0.77281177,
           -0.24754840,  0.38294941]],

         [[ 0.82253629,  0.46334031,  0.31346992, ...,  0.56781703,
            0.40911666,  0.52799690],
          [-1.05423689,  0.80438685,  1.32218051, ..., -1.94389141,
            1.73738301,  0.02743888],
          [ 1.29830468, -1.42683566,  0.63143033, ...,  0.59768361,
            1.71565986,  0.38211471],
          ...,
          [ 0.01190903, -3.34777141,  0.79807800, ..., -1.10151076,
           -1.36137092,  1.79546392],
          [ 0.35186833, -0.07393754,  0.40774843, ..., -0.57864630,
            0.75266176,  0.12438297],
          [ 0.41020843,  0.60899776, -0.07167948, ..., -0.94743729,
            0.84700114, -0.65575552]]],


        [[[-1.35393429, -0.07294174, -1.88544226, ...,  0.78880948,
            1.92070484,  0.66435283],
          [ 0.95237893,  0.62751180,  0.02048706, ..., -0.72340423,
            1.88508451,  0.40199509],
          [ 0.32936010, -0.75432813,  0.94290274, ...,  0.65610099,
           -1.50845230, -1.91047537],
          ...,
          [-1.12533736, -1.17473471,  0.04649068, ..., -2.16300559,
            0.29819959, -1.28176963],
          [ 2.70984316,  0.43428040,  1.32316232, ..., -1.64215410,
           -3.48471045, -0.63089496],
          [ 1.03622365,  3.06716228, -1.00873554, ..., -0.51486993,
            0.35054517,  0.16240340]],

         [[ 0.56346577,  1.14682686,  1.44132042, ...,  2.35593390,
           -1.89632154, -0.66486812],
          [-0.55337965,  2.97624445,  1.13594103, ..., -2.58054090,
            1.97734296,  1.96383834],
          [ 1.55082011, -0.36732116,  0.64907438, ..., -2.71983027,
            1.01031983, -1.51627946],
          ...,
          [ 1.02002358, -3.12302566,  0.19194515, ...,  2.09556413,
           -0.54757059,  0.37569231],
          [ 1.47740769,  1.74337447, -1.42271256, ...,  0.05208598,
            2.09790850, -1.83684337],
          [ 0.95010883,  1.08666921,  2.17181182, ...,  0.31602344,
            1.44052362, -2.66658282]],

         [[-0.23555063, -1.03102291, -1.10727870, ...,  2.49253988,
           -1.79492283, -0.74604976],
          [-0.44221795, -0.54256797,  0.05571068, ...,  0.18738602,
           -2.73893356, -0.06751893],
          [ 0.33603963, -0.78438115,  0.37877756, ..., -0.57697469,
           -1.01448917, -0.28616804],
          ...,
          [ 0.75244170, -2.06090188,  2.30463243, ...,  0.91445059,
            3.34189868,  0.85087037],
          [-0.87468064, -3.35698509,  1.37322164, ...,  0.46025306,
            2.41677332,  0.30275840],
          [-0.53926557, -0.40786415, -1.25754869, ..., -1.92829061,
            2.37198019,  0.96030742]],

         ...,

         [[-0.82917398, -0.72040182,  0.45661363, ...,  0.16258319,
           -2.02307153,  0.20109996],
          [ 1.15711570, -0.04021027,  2.06602931, ..., -1.21276999,
            0.67555147,  0.51943004],
          [-0.50730640, -0.07752827,  0.85062516, ..., -2.18789148,
           -0.00955682, -1.37629998],
          ...,
          [ 0.08292741,  3.24231768, -0.51130480, ...,  1.38288879,
            3.35251045,  2.64063764],
          [ 0.39718357, -1.00305402, -0.39673370, ...,  2.06415725,
            0.25300872,  2.78102517],
          [-0.02668405, -0.39348665, -0.83948582, ..., -3.30286026,
            0.12676929, -1.52722359]],

         [[-0.29455078,  0.67255878, -1.28061819, ..., -0.28782916,
            0.54653800,  0.93912387],
          [-1.99680769, -0.92217857,  0.78877056, ...,  1.64549410,
           -0.57321644, -0.80000627],
          [-0.27693114,  2.47693825, -0.39168733, ...,  1.41037202,
            0.77822489, -0.99193269],
          ...,
          [ 0.61255324,  1.90697372, -1.04684019, ...,  1.65129352,
            0.09211267, -1.08097625],
          [-1.11464357,  0.83710849, -1.18269491, ..., -2.67151237,
            0.30012822, -0.62922698],
          [ 0.04690272,  0.24997509, -1.54932570, ...,  1.89291763,
            1.64349067,  2.41608620]],

         [[-0.18185727,  2.23803759, -1.38025928, ...,  0.11874350,
            1.31366205, -0.13918537],
          [ 0.47109067, -1.19395018, -0.34516981, ...,  1.01169145,
            0.91755199, -1.24180031],
          [-0.82509869,  0.65409058,  0.84467858, ...,  0.52046192,
           -2.71742511,  0.77855957],
          ...,
          [-0.23584639,  0.38252565, -1.92742944, ...,  1.66854131,
           -0.14601628, -0.61812556],
          [-0.49536780, -0.44172978,  1.98806667, ..., -0.22868347,
            3.19609523,  0.94475585],
          [ 0.31372610, -0.70359832, -0.01996756, ...,  1.16435838,
            0.97124326, -0.58224934]]]])
from
Tensor(shape=[2, 64, 56, 56], dtype=float32, place=CPUPlace, stop_gradient=False,
       [[[[-1.28632379,  0.13702777,  1.74890137, ...,  1.56275642,
            0.84927404, -0.37475619],
          [ 1.07622850, -0.15075278, -0.90463936, ..., -0.80440784,
           -0.47155228, -0.58098108],
          [-0.77276343, -0.58089590,  0.49256873, ..., -0.59207666,
           -0.55704719, -0.23912823],
          ...,
          [-0.38038749,  0.50105226, -1.31311548, ...,  0.36197349,
            0.07728669, -0.77165234],
          [ 0.61863184,  0.38538456, -1.14545274, ..., -0.17105803,
            0.18484248, -0.79011649],
          [-0.37695166, -0.51083571,  0.67664039, ..., -2.16825843,
           -0.72370279,  0.91530979]],

         [[-2.04251170, -0.74905628, -0.34174645, ..., -0.12957539,
           -0.07048182,  0.46713850],
          [ 0.51003718,  0.82501894,  0.12281929, ...,  1.08923817,
            1.88542354,  0.72743624],
          [-0.67165977,  1.19368815,  0.14930767, ...,  0.63067448,
           -0.43373558, -1.61121428],
          ...,
          [ 0.36272693,  0.10318287,  0.60091335, ...,  0.15414222,
           -0.45620582,  2.02697968],
          [-2.40175796,  1.52106452,  1.92938817, ...,  0.12320948,
           -0.46132177, -1.80495954],
          [ 0.34124723, -0.85893238,  1.00182664, ...,  0.27686167,
            0.42548934, -0.62183237]],

         [[-1.10907638,  0.25623468, -0.93527943, ...,  0.66360688,
           -0.25410894, -2.45707226],
          [ 1.63864708,  1.48675692,  0.59164679, ..., -0.24609749,
            0.45499274, -3.17478848],
          [ 1.51508629,  0.57272458,  1.96948397, ..., -1.43290317,
           -0.26599774,  0.94839787],
          ...,
          [-2.19911981, -0.58281881, -0.25393540, ..., -1.95788372,
            0.89599895, -0.84832686],
          [ 0.95268881,  1.61497819,  1.58446097, ..., -1.68000925,
            0.70287335, -0.61859888],
          [-1.48630857,  0.65844226, -0.52727503, ...,  1.19265223,
            0.37358737, -0.43141955]],

         ...,

         [[-0.71367544,  0.88119310, -1.67990828, ...,  1.79879951,
           -0.86025095, -1.56549287],
          [-0.41442263,  0.32828677,  1.71677351, ..., -0.15438694,
            0.61263293, -1.03278649],
          [-0.25888267,  0.64709097,  0.76974517, ..., -0.71398818,
            0.20444874,  0.04960926],
          ...,
          [-2.11444354,  1.75122726,  0.46875346, ..., -0.69536132,
            1.43181574,  0.05170002],
          [-0.69624954, -0.34762922, -0.06110563, ..., -0.92070889,
            0.59194243, -0.52181774],
          [-0.25384310, -0.20443365, -1.05511069, ..., -0.38158163,
            0.68767232,  1.36575246]],

         [[ 0.96854657, -0.24887165,  0.42576143, ..., -0.66097736,
            1.51750505, -1.12493813],
          [ 0.44946054,  0.41006842, -0.63487536, ..., -3.11125326,
            1.87025464,  1.55041718],
          [-0.05921429,  1.30114210, -0.24769044, ...,  1.85480654,
           -0.42320418, -0.71813500],
          ...,
          [ 0.74878073, -1.65690792,  0.42647254, ...,  1.30610275,
            1.17682278,  2.97118831],
          [ 0.26993155, -0.72646391,  0.17707753, ...,  2.04685926,
            0.38860413,  1.61631501],
          [ 0.97857583, -0.06036362,  1.28079915, ...,  0.58004254,
           -0.33015209,  0.49449492]],

         [[ 0.73531646,  0.34749460,  0.27687398, ...,  0.56285465,
            0.51951802,  0.24687219],
          [-0.96243942,  0.55889875,  0.92734534, ..., -1.30762339,
            1.12863433,  0.11412974],
          [ 1.13265455, -0.89402390,  0.74443942, ...,  0.66713810,
            0.79818797,  0.27329674],
          ...,
          [ 0.04112985, -2.33432102,  0.70052630, ..., -0.82491350,
           -0.84479535,  1.58316696],
          [ 0.12915380, -0.24311738,  0.30470386, ..., -0.44709319,
            0.70626634,  0.40992564],
          [ 0.08190413,  0.34639823,  0.26890814, ..., -0.85612541,
            0.47911224, -0.31553993]]],


        [[[-1.29974735, -0.02205628, -1.51174712, ...,  0.43500608,
            1.53842461,  0.88415182],
          [ 1.05912769,  0.61369872, -0.14377934, ..., -0.47134477,
            1.18363738,  0.55958116],
          [ 0.16480891, -0.42564780,  0.48936418, ...,  0.41646212,
           -0.76121116, -1.31536138],
          ...,
          [-0.48298773, -0.92438525,  0.10171886, ..., -1.32164669,
            0.20377442, -0.99232268],
          [ 2.29217720,  0.51093835,  0.73169452, ..., -0.99339706,
           -2.11138082, -0.25223398],
          [ 0.89215279,  2.26359916, -0.77346152, ..., -0.14871033,
           -0.00705933,  0.30159101]],

         [[ 0.72246325,  0.93261260,  1.34924877, ...,  1.56415212,
           -1.76790369, -0.80038661],
          [-0.10782698,  2.13703299,  0.75599003, ..., -1.75583982,
            1.25642741,  2.01674366],
          [ 1.17548585, -0.11948639,  0.31984854, ..., -1.89494443,
            0.88421965, -1.07918167],
          ...,
          [ 1.30044580, -2.35649538,  0.20815429, ...,  1.58946705,
           -0.34299773,  0.37630388],
          [ 1.23288441,  1.41843319, -0.82469147, ...,  0.09041846,
            1.33608150, -1.08768284],
          [ 0.83046895,  0.87379068,  1.28542447, ...,  0.49662858,
            0.72921705, -1.88417256]],

         [[-0.13391300, -0.77862400, -0.84007519, ...,  1.65381670,
           -1.71883988, -0.88621598],
          [-0.03079123, -0.14073288, -0.11495711, ...,  0.13318080,
           -2.04210329,  0.10281764],
          [ 0.19241269, -0.41888151,  0.12248665, ..., -0.41011208,
           -0.43197480, -0.15909170],
          ...,
          [ 1.09391963, -1.54789937,  1.78320980, ...,  0.80713105,
            2.10454106,  0.73005301],
          [-0.82304400, -2.04972363,  0.72388828, ...,  0.34747240,
            1.52456927,  0.37508377],
          [-0.80749762, -0.13700938, -0.94271070, ..., -1.22616088,
            1.33915401,  0.94640291]],

         ...,

         [[-0.80305254, -0.55914378,  0.54619157, ..., -0.01238395,
           -1.86543155,  0.33987209],
          [ 1.25325584,  0.15529220,  1.49114001, ..., -0.77691394,
            0.32851839,  0.70726275],
          [-0.51697034,  0.03365517,  0.47264862, ..., -1.51987815,
            0.25060195, -0.88951135],
          ...,
          [ 0.50117981,  2.27400708, -0.32296288, ...,  1.09324980,
            2.06450748,  2.22415900],
          [ 0.26005417, -0.45136935, -0.21795700, ...,  1.32832646,
            0.19447246,  2.03760576],
          [-0.27339193, -0.13194965, -0.62923312, ..., -2.22370195,
           -0.11137787, -0.99513918]],

         [[-0.20481583,  0.54015756, -0.96560824, ..., -0.34478885,
            0.28853598,  1.29432368],
          [-1.29148233, -0.37480870,  0.49725857, ...,  1.13641989,
           -0.52366024, -0.54614371],
          [-0.29771560,  1.85678554, -0.42455086, ...,  0.89967597,
            0.72549766, -0.65120924],
          ...,
          [ 0.95262104,  1.32232058, -0.71429783, ...,  1.31678545,
            0.07948729, -0.83460838],
          [-1.03515875,  0.80703110, -0.69726110, ..., -1.64979911,
            0.22289541, -0.27178594],
          [-0.19746453,  0.33996648, -1.09048784, ...,  1.68230271,
            0.86026114,  2.05045509]],

         [[-0.11244579,  1.76612318, -1.09731495, ..., -0.06761207,
            1.01549542, -0.10605926],
          [ 0.68323195, -0.60472333, -0.38256174, ...,  0.73695630,
            0.50161481, -1.00179541],
          [-0.75421041,  0.56269687,  0.42180794, ...,  0.33302811,
           -1.56433415,  0.67091644],
          ...,
          [ 0.22135663,  0.21238154, -1.40809047, ...,  1.33255684,
           -0.11725277, -0.46052825],
          [-0.51231533, -0.10184034,  1.07597733, ..., -0.11683633,
            1.99530184,  0.78359926],
          [ 0.10540343, -0.34353507, -0.12686233, ...,  1.17626178,
            0.43320674, -0.22185540]]]])
end
Tensor(shape=[2, 192, 28, 28], dtype=float32, place=CPUPlace, stop_gradient=False,
       [[[[-0.88781297,  1.55450487,  1.20767081, ...,  0.67043388,
            1.85339165, -0.12064554],
          [ 0.27012578, -1.64143288, -0.09036336, ..., -0.71081603,
            1.04796553, -0.48536530],
          [-0.02261680, -1.18842101,  2.27462268, ...,  0.67510629,
           -0.10545415,  2.64297938],
          ...,
          [-0.12381837,  0.66619557, -1.02315855, ..., -1.41021085,
           -0.39320582, -0.19455773],
          [-0.07447338,  0.49459228,  0.52151752, ...,  2.14688253,
           -0.80053824,  2.03586626],
          [-1.34213257, -3.80724287,  0.58880138, ...,  0.34341562,
           -1.58799469,  2.44819403]],

         [[-0.31698072, -0.54115760,  0.25130799, ...,  1.09820676,
           -2.71398139,  2.37822080],
          [-0.91303772, -2.11017394, -0.54333878, ..., -0.13553512,
            1.52325404,  0.25440639],
          [ 1.72733223, -2.13381648, -0.34542176, ...,  1.89006710,
           -1.65344107,  1.97702956],
          ...,
          [ 0.33559299, -0.25798619, -1.88322270, ...,  1.35233212,
            1.07199407, -0.47641516],
          [ 0.05304348,  0.97178137, -1.80611348, ...,  0.58821207,
            0.46092007, -0.59771144],
          [ 0.73180586, -2.54159737, -1.89714193, ...,  0.37147093,
            0.05695295, -3.13865042]],

         [[ 0.88900226, -1.06945920, -0.30312014, ...,  0.80076778,
            1.44611919, -0.49378943],
          [ 0.39918384, -0.65819639,  1.01585603, ..., -0.71524227,
           -1.14736867,  0.41478193],
          [-0.39295471,  1.48530555,  0.56375539, ...,  0.13425350,
           -1.08516359, -0.92839050],
          ...,
          [ 0.59477782, -0.01531789,  0.15983438, ...,  0.10643840,
            2.24190807, -2.36547828],
          [ 1.26320374,  2.00576162,  0.25750041, ...,  2.58317351,
           -1.12749028, -1.61533129],
          [-0.47037444, -1.12323594, -0.42792678, ...,  1.71916151,
            2.96906137,  0.98417842]],

         ...,

         [[ 0.35690415, -0.79047346,  0.40556073, ..., -0.31624436,
           -1.51732111,  1.88745785],
          [ 0.17726573, -1.73162389,  0.14480375, ...,  0.76199794,
            2.49607539,  0.03594673],
          [-0.73511863, -2.82205820, -0.54462147, ..., -0.30061388,
            1.34973550, -0.96493793],
          ...,
          [-0.16760361,  0.78749198,  1.14453363, ...,  1.99246764,
           -2.10983777, -1.07471418],
          [-0.06035730, -1.70151889,  0.10362276, ...,  0.33936188,
           -1.69079363,  0.37498382],
          [ 1.27885246,  1.73458993,  1.09368098, ..., -1.04947889,
           -1.58394063,  2.64391899]],

         [[ 0.79466254, -0.05482414,  0.02410230, ...,  0.15198570,
           -0.94741052, -0.64920211],
          [-0.07671118,  0.32794353,  1.17824006, ...,  0.56729126,
           -1.67917633,  1.08091331],
          [ 1.35904539,  1.05195975, -0.16225392, ..., -0.04483747,
            0.56431663,  0.35956603],
          ...,
          [ 2.58721709, -1.12595344, -0.18782896, ...,  1.73071456,
            0.51697898, -1.23210645],
          [-1.21900713, -2.85705495, -0.46099985, ...,  2.28049159,
           -0.00057865,  0.47875279],
          [ 0.24858218,  1.27088857, -1.11380696, ..., -0.81815851,
           -0.43088293, -0.65467608]],

         [[-0.92036045,  0.57380354, -1.18133545, ..., -1.82957590,
            0.84811312,  1.18361223],
          [ 0.28766179,  0.89410478,  1.35910249, ...,  1.29174280,
           -0.26507652, -0.64531565],
          [ 0.70042467,  0.22971475,  3.15469623, ..., -0.60618186,
            1.71583068,  0.83414418],
          ...,
          [ 1.08706808,  3.08987689,  1.01159263, ..., -0.58642280,
           -2.33002567,  0.17855412],
          [-0.49672529,  1.02355814, -1.09984028, ..., -0.74634802,
            0.11279362,  0.13443169],
          [ 1.27237654, -0.41509745,  0.85341120, ..., -1.02566934,
           -1.53438914, -2.73115730]]],


        [[[-0.93160439, -0.29897738,  2.72468925, ..., -1.64487755,
            1.34538960, -0.06328197],
          [-1.04819787,  1.37962461,  1.36731803, ..., -1.95713472,
            1.01935756, -2.56285048],
          [-0.81536686, -0.43337858, -0.29585999, ...,  1.94950974,
           -0.20464242,  0.25274312],
          ...,
          [ 1.02866209,  1.39066231,  0.88127977, ..., -1.31867814,
           -0.95675075, -0.21202195],
          [ 2.49395227, -1.29523528, -0.58932984, ..., -0.95309472,
            1.04859376, -1.60676920],
          [ 0.08564924, -0.07665002,  1.26244426, ..., -2.38834453,
            0.22674710, -0.66430515]],

         [[-1.14610267, -0.94230950,  1.01756787, ..., -2.74380350,
            0.99948603, -1.30751836],
          [-0.81243396,  0.59069824,  1.14934039, ..., -0.35847282,
           -2.45031667, -0.63548648],
          [-0.69315022, -2.63332248, -2.14461851, ...,  0.46392548,
           -0.02679449,  2.33239698],
          ...,
          [ 1.81581783, -1.05063319,  0.79491127, ..., -0.12967229,
           -1.02894974, -1.93618608],
          [ 0.71002877,  0.53394568, -1.29686046, ...,  1.14781582,
            0.83824396, -0.52538240],
          [ 0.02973873,  0.86916089,  0.30320725, ..., -1.75751925,
            1.66573524,  1.33525968]],

         [[ 1.27452719, -0.02605200, -1.24971724, ..., -1.20440376,
           -0.97831762,  0.86295843],
          [-1.97768092, -3.06923938,  1.04744601, ..., -0.13159657,
            0.56863815,  0.71172982],
          [ 0.98055536, -0.25908750,  1.18540549, ..., -0.58430064,
           -0.33310297,  1.02980494],
          ...,
          [-0.72040534,  1.90840316, -1.10704637, ..., -0.54697245,
            0.57742101, -0.60240006],
          [ 2.02349901, -1.48958468, -2.19080019, ..., -2.25256014,
           -0.92484617,  0.52746242],
          [-0.74739981, -4.08241749, -1.49584603, ...,  4.26540899,
           -1.25746870, -2.48205233]],

         ...,

         [[ 0.70357198, -0.83375543, -1.74091494, ..., -0.34277889,
            0.99505252,  0.93408638],
          [ 0.77997744, -2.11213946, -1.17152464, ...,  1.23213315,
            1.86753821, -1.11748123],
          [-0.55647695,  0.23257983,  0.38062072, ..., -0.21755986,
           -0.33682388,  3.24086642],
          ...,
          [ 0.42555696,  0.14593601,  0.92247772, ..., -0.35900825,
           -2.51141286, -1.02686346],
          [-1.15098262, -0.59503889, -0.77501929, ...,  0.47303462,
            0.19789705, -1.55102611],
          [ 2.00690126,  0.10477953, -0.05629079, ..., -0.74234766,
            0.20509374, -1.25926471]],

         [[ 0.29584453,  2.24297380,  2.38014030, ...,  0.65206778,
            1.07849276, -0.99512947],
          [-0.51862794, -0.06597221, -0.12241481, ..., -0.60531688,
           -1.31920123, -0.69388050],
          [-1.01225698,  1.73932052, -2.22587252, ..., -1.53350663,
            0.18371949, -0.96203822],
          ...,
          [-1.54118514, -0.50175750, -0.49726081, ...,  1.40337837,
           -1.11098289,  0.05678993],
          [ 1.80892742,  0.45741624, -0.66997594, ...,  2.00864172,
            0.00222570, -0.55078429],
          [ 1.33971238, -0.92744213,  1.55873775, ...,  0.58016574,
           -1.16326571, -1.88053393]],

         [[ 0.02188292,  0.97871447,  1.89270806, ..., -0.34913421,
            0.80940515, -1.37499499],
          [-0.95907271, -0.13987842,  0.61058968, ...,  1.84752989,
           -1.58304608, -2.66543198],
          [-1.11544883, -0.06764092, -1.29582858, ..., -0.61658961,
            1.94240177, -0.27353495],
          ...,
          [-2.02849483, -1.30843556, -0.59695899, ..., -0.68609512,
           -1.66856301, -0.57978535],
          [ 0.06987315, -0.58180594, -0.55235589, ...,  1.92419410,
           -1.24912059, -1.43296111],
          [ 1.36219549, -1.28570008, -2.85977817, ..., -1.53579402,
            0.51326388,  0.05640500]]]])
from
Tensor(shape=[2, 192, 28, 28], dtype=float32, place=CPUPlace, stop_gradient=False,
       [[[[-0.84915048,  1.49326539,  1.13349319, ...,  0.50820601,
            1.57321107,  0.02024943],
          [ 0.36950076, -1.04754698, -0.09796063, ..., -0.77933675,
            0.96553957, -0.14743222],
          [ 0.10599394, -0.77532142,  1.42715216, ...,  0.54639632,
           -0.08849029,  1.83284211],
          ...,
          [ 0.01143618,  0.41878822, -0.50901985, ..., -0.94793928,
           -0.53933132, -0.36230433],
          [-0.21821675,  0.57691836,  0.27763963, ...,  1.34709096,
           -0.60657609,  1.51701844],
          [-1.15578878, -2.60591459,  0.35370794, ...,  0.12659647,
           -0.89716417,  1.73003244]],

         [[-0.25455332, -0.26534453,  0.36482081, ...,  0.97272164,
           -2.32937670,  1.91786242],
          [-0.86443067, -1.50274670, -0.50521070, ..., -0.35582823,
            1.02498770,  0.31540829],
          [ 1.28311980, -1.49711132, -0.30512145, ...,  1.28137898,
           -1.07908309,  1.35064220],
          ...,
          [ 0.31752408, -0.21002668, -1.40399384, ...,  1.00334549,
            0.59096879, -0.38230422],
          [-0.17239520,  0.75800794, -1.28786647, ...,  0.23312348,
            0.19513538, -0.39389479],
          [ 0.47705927, -1.71872103, -1.58942866, ...,  0.39251196,
            0.14334972, -2.07335758]],

         [[ 0.92612147, -0.73071659,  0.00674925, ...,  0.49376765,
            1.36623514, -0.34976828],
          [ 0.32311839, -0.32582608,  0.59134793, ..., -0.82468450,
           -0.81732798,  0.38822377],
          [-0.26278996,  1.21260476,  0.34490749, ...,  0.25193217,
           -0.72866303, -0.67465371],
          ...,
          [ 0.62306881,  0.04579596,  0.20797779, ...,  0.05887394,
            1.55071938, -1.86043739],
          [ 1.22387898,  1.60026538,  0.11111194, ...,  1.63052201,
           -0.98495507, -1.02417481],
          [-0.48607695, -0.48282725, -0.33814687, ...,  1.31886470,
            2.24173999,  0.93135798]],

         ...,

         [[ 0.45644316, -0.60302061,  0.54557836, ..., -0.47649726,
           -1.28734398,  1.44394410],
          [ 0.14835158, -1.06438279,  0.21734679, ...,  0.41067478,
            1.64475226,  0.04762748],
          [-0.70288491, -2.05842996, -0.48820111, ..., -0.14633662,
            0.97593343, -0.79652375],
          ...,
          [-0.22511189,  0.55030262,  0.81389081, ...,  1.41320729,
           -1.86134481, -1.01216531],
          [-0.08572145, -1.51816404, -0.06328513, ...,  0.03106557,
           -1.36785078,  0.25447541],
          [ 0.99585712,  1.54126346,  0.91360104, ..., -0.73488486,
           -1.11687768,  1.81992173]],

         [[ 0.97833121,  0.04965913,  0.30976927, ...,  0.09081525,
           -0.84745586, -0.65186161],
          [-0.02599411,  0.12519053,  0.79181379, ...,  0.17646044,
           -1.09096682,  0.78626621],
          [ 1.06935012,  0.89299154, -0.17301822, ..., -0.02097501,
            0.24350390,  0.22287512],
          ...,
          [ 2.09165955, -0.73971605, -0.03980370, ...,  1.29472458,
            0.35463253, -1.17234182],
          [-1.06494117, -2.10658693, -0.30613077, ...,  1.43024218,
           -0.17900914,  0.35514557],
          [ 0.24993291,  1.06792176, -0.83757919, ..., -0.51163745,
           -0.19080332, -0.56383920]],

         [[-0.83202618,  0.59589899, -0.69776440, ..., -1.56395435,
            0.88558418,  0.98878193],
          [ 0.26716599,  0.62333798,  1.03987539, ...,  0.79724389,
            0.02030033, -0.48969868],
          [ 0.64627397,  0.29059741,  2.10230899, ..., -0.48029816,
            1.05640364,  0.57769048],
          ...,
          [ 1.00781524,  2.16707659,  0.88120419, ..., -0.36822921,
           -1.93747199,  0.04185907],
          [-0.57172334,  0.89862692, -0.79533541, ..., -0.52024251,
            0.17577523,  0.25842342],
          [ 0.96150380, -0.24416395,  0.84447038, ..., -0.62466764,
           -0.79385829, -1.85420704]]],


        [[[-1.08518243, -0.40833747,  2.11523461, ..., -1.35474920,
            1.15849996,  0.07921593],
          [-1.01250994,  1.00644720,  0.89087206, ..., -1.45174909,
            0.52563757, -1.74021888],
          [-0.80392373, -0.43824160, -0.14787689, ...,  1.13129199,
           -0.07920883,  0.09344906],
          ...,
          [ 0.91549093,  1.04217887,  0.92033058, ..., -0.97126591,
           -0.85534453, -0.09454867],
          [ 1.91346848, -0.84440213, -0.48528999, ..., -0.84793353,
            0.98397917, -1.00745261],
          [ 0.15518092,  0.03141303,  0.92332441, ..., -1.47509551,
            0.17227682, -0.60264421]],

         [[-1.24681258, -0.73359454,  0.79198778, ..., -2.28795433,
            0.65193826, -1.20272946],
          [-0.86367339,  0.30695227,  0.77617604, ..., -0.19012053,
           -1.85313308, -0.52260256],
          [-0.77542728, -1.84176886, -1.44365823, ...,  0.19849820,
            0.11353041,  1.47088134],
          ...,
          [ 1.41526139, -0.70774692,  0.73930669, ..., -0.17381164,
           -0.87603205, -1.39044571],
          [ 0.46794748,  0.45349765, -0.90793854, ...,  0.92470604,
            0.69445372, -0.37151438],
          [ 0.03791384,  0.78067982,  0.24948291, ..., -0.98529500,
            1.18843472,  0.71268672]],

         [[ 1.27404642,  0.02424274, -0.93501866, ..., -0.81599772,
           -0.91574931,  0.92661446],
          [-1.55692744, -2.17572188,  0.71147406, ..., -0.06153039,
            0.38919505,  0.54585004],
          [ 0.66468382, -0.27222544,  0.59362161, ..., -0.59262639,
            0.05677859,  0.75013041],
          ...,
          [-0.66633195,  1.44034946, -0.66659671, ..., -0.48639789,
            0.24476485, -0.56636417],
          [ 1.61694896, -1.05982268, -1.72578645, ..., -1.77293611,
           -0.46731967,  0.25075310],
          [-0.55276781, -2.56734848, -0.86673665, ...,  3.24190021,
           -0.77076453, -1.91348875]],

         ...,

         [[ 0.54908472, -0.71666336, -1.56001616, ..., -0.41832995,
            0.61407989,  0.97457099],
          [ 0.37476847, -1.72016513, -0.79859465, ...,  0.75180459,
            1.23632216, -0.87756944],
          [-0.79827237,  0.06543998,  0.22022176, ..., -0.08362449,
           -0.30394760,  2.13417506],
          ...,
          [ 0.29333970,  0.20430592,  0.72579145, ..., -0.35434905,
           -2.04029632, -0.61901116],
          [-1.32507277, -0.38486367, -0.73807847, ...,  0.26914981,
            0.18097103, -1.32450056],
          [ 1.72586668,  0.16483843,  0.02128570, ..., -0.44479695,
            0.15522523, -0.98850608]],

         [[ 0.23058781,  1.72532010,  1.90099549, ...,  0.44119418,
            0.99115050, -0.94742024],
          [-0.67137128, -0.11248162, -0.08855169, ..., -0.36820775,
           -1.00611711, -0.44448635],
          [-0.91756117,  1.10025597, -1.53710151, ..., -1.18622446,
            0.26935101, -0.63913226],
          ...,
          [-1.35110223, -0.39764348, -0.28335568, ...,  0.94314504,
           -1.19315243, -0.06630074],
          [ 1.49485338,  0.35860762, -0.52685994, ...,  1.59020221,
            0.18342173, -0.40082416],
          [ 1.06438982, -0.46162951,  0.99494612, ...,  0.46296847,
           -0.76214325, -1.44929290]],

         [[-0.06908614,  0.66334099,  1.55835795, ..., -0.35760176,
            0.58930814, -1.07421076],
          [-0.92207825, -0.13632151,  0.56842875, ...,  1.49585927,
           -1.09619105, -1.81586933],
          [-1.01232934, -0.03848356, -0.83883417, ..., -0.42318118,
            1.62517500, -0.16859192],
          ...,
          [-1.57170522, -0.82778585, -0.33751675, ..., -0.37613463,
           -1.29032314, -0.27804774],
          [ 0.01631681, -0.41031635, -0.32960659, ...,  1.40258992,
           -0.67270982, -0.92569804],
          [ 1.10464525, -0.73498720, -1.69574702, ..., -0.93746853,
            0.33884174, -0.05495090]]]])
end
Tensor(shape=[2, 384, 14, 14], dtype=float32, place=CPUPlace, stop_gradient=False,
       [[[[-1.18884134, -0.45230854,  0.52311033, ...,  0.44184631,
            2.01237845, -0.08368504],
          [ 0.47129828,  0.53362578,  1.86784375, ..., -0.08461559,
            0.32558334,  2.62960076],
          [-0.45581686, -1.64898169,  0.11367375, ..., -0.78738761,
            1.53940248, -0.22072528],
          ...,
          [ 0.69809651, -0.11442858, -0.61111933, ..., -3.17622852,
           -0.37349641,  0.98154604],
          [-1.16087866,  0.69051421, -0.06742132, ..., -0.20233691,
            1.36255205,  1.54955173],
          [ 0.07551777,  0.20975944, -1.63049769, ...,  2.49356842,
            1.11605597,  0.18473345]],

         [[ 1.86764610, -0.30085772,  0.57278311, ...,  0.92129314,
            0.27134997,  1.06843495],
          [-1.27848363,  0.91035986, -0.62919188, ..., -0.71036762,
           -0.43653452, -0.74019992],
          [ 1.80294585,  0.24383612, -0.98869646, ..., -1.89787769,
           -2.54477096, -0.08579275],
          ...,
          [ 0.31189001,  0.24343398, -1.53033936, ..., -0.63525373,
            2.37920809, -0.56079364],
          [-0.52345967, -0.29152840,  1.50371671, ...,  1.10128117,
            0.96928245,  0.34060019],
          [-1.79298806, -1.53185451,  2.40231252, ...,  1.06956160,
           -3.58775711, -0.02139491]],

         [[-1.73969758,  0.69027054, -1.61968911, ..., -0.40102905,
            3.02000523, -2.98551035],
          [-0.95436621,  1.58512616,  0.68092257, ..., -0.98222810,
            2.23346186, -0.48952544],
          [-1.32997608,  0.00327769, -3.04619694, ..., -1.21348548,
           -0.63031828,  0.10175653],
          ...,
          [-0.79471695, -0.65764725,  0.94101918, ...,  2.05112171,
           -1.22322369, -0.76576161],
          [ 0.81967664,  0.66841388,  1.17957222, ...,  1.07356250,
           -0.22821639, -1.08467007],
          [-1.42787254,  0.00709671,  0.51159579, ..., -0.37526342,
            0.47212300, -0.85888481]],

         ...,

         [[-1.40879357, -1.13387966,  0.11541420, ..., -1.65422451,
           -1.66598523, -0.27301329],
          [ 0.09575443, -0.05524234,  0.16610247, ...,  1.04585636,
            0.41079766,  1.40440130],
          [ 1.30240881, -0.73753071, -0.76864517, ...,  2.08571672,
            0.13746578, -1.89990830],
          ...,
          [ 1.22522926, -0.14214191, -0.49205780, ...,  0.39997679,
           -2.23646688,  0.26678559],
          [-0.54749322, -1.03004098, -0.02802457, ...,  0.24398811,
           -0.66995323, -0.52953744],
          [-0.81108344, -0.21725969,  2.10893536, ..., -0.10928676,
           -0.84899139,  1.90033078]],

         [[ 0.91298604, -1.98323667,  1.32373154, ..., -0.39081597,
           -0.13554835, -0.42047542],
          [ 0.60664880,  0.10856183,  0.45100373, ..., -1.58101988,
            1.09169185,  0.67377877],
          [-2.18411875, -2.02823901,  0.95576608, ..., -0.42965963,
           -2.10519600,  0.85788631],
          ...,
          [ 0.18344778,  1.77438378,  1.01205945, ...,  0.11781263,
           -2.35211015, -0.32762349],
          [-1.44359589,  0.42841256,  1.70901012, ...,  0.02673410,
           -0.63837874,  1.00982666],
          [ 0.24182230,  0.45699176,  0.04894580, ...,  1.41267157,
            0.46401101, -2.79571152]],

         [[ 0.26458523, -0.95997894,  0.63074785, ...,  0.58325601,
           -0.55301273, -1.63383365],
          [-0.81444728, -1.40001822, -0.62397522, ...,  0.92670465,
           -0.09192830,  1.86362040],
          [-2.04433012, -0.39583412,  1.47006488, ...,  0.25600427,
            0.18402535,  3.63090158],
          ...,
          [ 0.22291377, -3.22194743,  1.48307693, ...,  0.59239483,
           -1.29779267, -1.42991316],
          [-0.24554363, -1.64961982,  0.30461091, ..., -0.62847066,
            1.38032031, -0.34108388],
          [-1.81169963,  2.31336975, -2.07884574, ...,  0.32466352,
            1.21835506, -0.86382937]]],


        [[[-0.08165124, -0.38243347, -0.12516218, ...,  0.39805311,
            0.95785850,  0.59078944],
          [ 0.65761799,  1.00250471,  0.53241205, ..., -1.49833322,
            0.24918449, -0.97610116],
          [ 0.08256155,  1.47461152,  0.29290405, ..., -0.35389072,
            0.67388296,  0.48567533],
          ...,
          [-0.80087727, -0.53668594, -0.05110106, ..., -0.58502889,
            0.61814493, -0.26925281],
          [ 0.13743703, -1.61221123,  0.67374158, ..., -1.60769379,
           -1.65299821, -1.78735828],
          [ 2.07846904, -0.15898339, -0.44155395, ...,  1.24774301,
            1.06703615,  3.12056470]],

         [[ 1.01875699,  0.48159921, -0.40711477, ..., -0.94528306,
           -1.42728376, -0.51496303],
          [-1.51190662, -0.22131762, -0.91976583, ..., -2.36229253,
            0.52714264, -0.58130157],
          [ 1.99847233,  1.40533876,  0.52005488, ...,  1.66810775,
           -0.53177631, -1.70507693],
          ...,
          [ 0.56527996,  1.05659282,  1.19020355, ...,  2.09067822,
           -0.08072889, -0.53223109],
          [ 0.22759953, -1.08754194, -0.29885274, ...,  1.41036797,
            0.16484356, -0.26826790],
          [ 0.33161163,  1.53217089,  1.01217961, ..., -1.51047099,
           -1.79857421, -0.70021379]],

         [[ 0.62629700, -1.25097156,  0.51504076, ...,  1.55875683,
            0.54868722,  0.27592087],
          [-0.29364058, -1.33052373, -0.17477521, ..., -0.07645789,
           -0.37470233,  1.38952518],
          [ 0.11948445,  0.19283599,  3.01585507, ..., -0.49794462,
           -0.63816321, -1.54727387],
          ...,
          [ 0.59969366,  0.39515233, -2.43841457, ...,  0.50511962,
            0.53465986, -1.11013734],
          [-0.46503145, -2.93459654, -2.01363564, ...,  0.11286747,
            0.16798772, -0.50546169],
          [-1.32546830, -0.17846087,  1.73098993, ..., -0.67227447,
            1.56819737, -0.21023263]],

         ...,

         [[-0.99770689, -0.06535991,  1.40116394, ..., -1.18718910,
           -0.72368342, -0.04138854],
          [-1.09853435,  1.91130209, -3.20218873, ..., -0.74412221,
           -0.11982262,  2.17005062],
          [-2.35667706,  0.58327162, -0.87125820, ...,  1.84438121,
           -0.01682492,  1.57257617],
          ...,
          [ 0.24370959, -1.05375516,  0.33403951, ..., -1.09910750,
            1.37119269, -0.83569556],
          [-0.79302204,  0.19431043, -2.60917568, ..., -0.37254608,
            1.06008720, -0.42185938],
          [ 1.08323693, -0.95274943, -0.75117666, ..., -1.22194850,
            1.03009856, -1.76653588]],

         [[ 0.67181444, -1.72748399, -0.24863195, ..., -0.07833558,
           -0.60756791,  0.83087057],
          [-2.02944946, -1.31995797, -1.73443007, ..., -0.45500353,
           -1.04426193, -4.50834942],
          [ 1.14396417, -0.24750420,  0.61544681, ..., -1.56000221,
           -0.13055247, -1.03985262],
          ...,
          [ 0.11231190,  0.49832627,  1.33668852, ..., -0.24217430,
            0.40274614, -0.53506690],
          [-0.75325274,  2.06064487, -0.44686341, ...,  1.68395817,
            1.10273814,  2.10621905],
          [-0.57804430,  1.53894329, -0.60572857, ..., -1.80185533,
           -0.22876616,  1.47639441]],

         [[-0.99364495, -0.19899841, -0.27506769, ..., -0.93318796,
           -0.55934894, -1.07425177],
          [ 0.14318955, -0.00452179, -1.53225267, ...,  0.19435591,
            1.72356343, -0.18074688],
          [-0.39274514,  2.99869394,  1.35858047, ..., -0.91159016,
            1.74623072, -0.59657764],
          ...,
          [ 0.61576331,  0.49403200, -1.79746985, ...,  1.24781585,
           -1.84589267,  0.70489132],
          [ 1.80408132, -0.68800306, -5.33286190, ..., -0.64726794,
            3.09316587, -0.45184624],
          [-0.77201688, -0.39650890,  0.65106732, ..., -0.18332799,
            0.48229101,  0.06077367]]]])
